7 42 67 72 64 14 55 55 87 77 32 26 60 24 3 59 44 67
60 40 69 53 4 33 48 14 26 91 66 16 9 54 10
76 笑 Jialu 9 72 45 86 24 67 90
4 15 45 40 55 2 13 Tracy 0 88 82 45 74 32 32 63
27 67 笑 34 74 50 33 46 79 4 90 7 57
6 89 14 71 60 31 5 89 28 14
79 69 36 3 64 Charlie 72 54
55 1 17 61 17 18 75
93 70 17 45 9 85 0 68
37 57 22 67 53 41 1 85 23 64 15 83 Tracy 74 Tracy 笑 88
47 22 10 91 59 16 21 42 42 88 58 64 39 82 83 38 Jialu 86 92
78 23 75 87 1 43 9 57 76 30 44 5 2 75 83 33 61 11 34
64 10 23 3 77 39 35 54 15 19 58 36 89 28 33 31 67 40
64 54 7 51 笑 78 71 82 3
71 79 15 8 19 62 9 62 42 66
4 2 59 60 2 笑 26 70 64 94 21 92 80 54 哭 69 75
41 29 Jialu 66 81 94
75 69 36 48 88 73 72 2 74 57 12
8 93 17 40 90 54 Tracy 79 28 22 82 12
15 47 61 10 哭 2 61
3 38 42 87 46 27 33 21 61 1 11 73 91 71 50 79 78
68 2 36 45 29 35 6 笑 44 Jialu
87 15 39 31 3 57 89 49 68 47 45 26
70 64 65 48 50 45 34 60 69 1 4 39 84 83 27 56
31 93 40 53 87 48 1 51
4 44 78 6 48 25 10 17 17 73 1 3 37 37 32 43 75 哭 0
Tracy 17 2 43 81 6 41 23 89 3 59 21 61 63 3 81 哭
35 54 33 24 7 87 90 52 94 85 91 30 29 16 10 86 11 64
69 85 51 31 38 76 88 32 38 1 76 54 33 60 93 62 86 Jialu 8
4 58 18 10 50 59 69 29 13 20
12 94 66 13 61 39 38 0 86
1 76 28 65 60 26 83 60
59 51 27 Charlie 74 79 0 76 Tracy 30 81 0 62
38 32 74 11 26 40 89 Charlie 17 30 22
16 55 71 笑 Jialu 54 66 67 17 93 58 4 82 91 20 45 43 75 20
14 28 36 42 Jialu 27 69 65 78 哭 42 53
54 16 15 44 71 1 42 39 77 54 46
1 79 6 85 8 65 57 38 87 92 83 35 16 4 46 笑
40 69 6 12 55 4 26 64
43 24 79 77 46 92 59 90 Charlie 62 54 64
85 62 49 77 36 32 23 93 15 Charlie 6
60 11 3 60 31 41 34 Tracy 46 37 79 80 43 27 Charlie 19 47 Charlie 21
86 26 0 56 43 39
22 42 85 42 84 84 22 19
哭 0 48 1 16 48 29 Tracy 47 Charlie 36 49 80 83 87 27
48 18 13 3 7 52 26 65 90 6 49 93 77 46 13 84
9 78 74 21 87 88 4 40 72 Charlie Tracy 3 49 91 69 5 11 54
39 48 笑 83 44 74 55 31 19 65 54 86 57 93 13 8 83
11 2 58 45 80 57 80 67 58 Tracy 64 1 50 66 48
38 27 82 42 Jialu 76
82 49 40 Charlie 75 18 35 19 笑
12 65 44 4 41 3 38 41 62 46 19 63 78 38 Charlie
35 26 74 89 47 84 4 66 51 29
哭 14 13 89 14 11 2 94 17 48 19 73 94 77 60 1 65
11 47 10 41 83 15 21 20 61 47 91 4 83
87 13 18 55 36 45
78 27 24 57 23 76 41 82 66 Jialu 7
26 22 85 44 53 45 6 83 47 47 Charlie 89 笑 66 6 75 24
43 77 10 19 42 70 27 63 9 32 75 37 71
76 53 19 80 35
3 52 37 75 12 79 64 65 66 Tracy 57 63 9 59 77 Jialu 37 87
85 81 93 30 40 25 35 65 92
65 87 45 26 15 15 61 85 84 24 61 81 89 94 21 63 34
23 47 44 49 14 44
86 1 78 43 69 83 70 3 21 58 12 38
36 26 66 54 72 73 84 43 10 71 44 68 2 54 62 41 58 80 21
13 62 50 4 30 77 52 35 22 57 94 72
36 63 93 78 4 90 60 84 62 43 82 24 87 60 1 6 75
75 76 89 51 3 0 87 51 48 1 72 24 88 54 80 78 60 89 3
30 28 16 25 笑 88 88 11 75 21 94 69 40 93 89
72 8 81 57 82 85 66
35 38 哭 27 24 6 32 84 42 18 33 57 48 61 54
47 53 6 84 72 72 35 86 81 14
57 12 3 57 57 70 30 14 69 43 82 60 24 57 22 22 16 25 74
76 35 50 41 8 81 哭 7 62 46 38 46 70
13 53 14 93 14
83 59 11 8 8 20 72 49 82 17 Tracy 88 75 54 78 63
90 94 27 94 71 57 64
85 77 4 46 48 65 43 13 12 87 81 17
9 37 23 7 12 13 69 16 59 26 0 62 49 70 3 38 60
17 15 50 20 0 81 30 61 65 31 23 35 81 83
4 11 5 66 85 62 26 86 Tracy 哭 22 50 28 14 Jialu 37 32 93
78 42 54 42 35 14 51 80 71 44 0 24 47 56 69
53 65 33 59 44 29 Tracy 67 Charlie 4 92 14
75 23 78 45 51 Charlie 29 15 笑 5 84 29
9 36 48 3 56 3 68 23 87 72 9 76 1
19 42 44 8 Tracy 50 58 26
哭 70 86 12 13 68 59 85 94 71
33 48 7 89 84 37 67 5 60
25 71 14 83 8 43 70 83 71 48 83 76 39 25 76
81 34 50 46 83 35 5 11 53 88 57
1 33 38 74 62 64 54
29 73 19 68 70 1 Jialu 哭 80 61 48
20 Charlie 19 16 2 75 Jialu 46 21 57 Tracy Charlie 72
92 36 5 18 44 62 82 75 8 32
15 19 53 16 88 15 55
50 3 34 75 25 17 5 6 26 Jialu 88 79 29 51 2 29
92 61 63 44 78 Charlie 27 76 87 68 78 63 50 63
79 45 32 2 9 42 68 73
34 75 70 61 77 5 41 Charlie 50 50 61 79 20 89 67 46 55 56 25
79 哭 9 62 6 94 48 83
61 94 笑 28 40 56
91 90 79 67 14 21 92 18 17 61 84 43
1 63 81 32 54 61 93 23 1 38 42 41 1 80 55 63
69 52 41 0 76 Tracy 24 33 80 69
47 70 54 57 40 76 44 Tracy 88 50 60 76 1 74 53 31 76 59
63 91 61 70 47 58 75 84 54 12 63 79 21 30 76 86
92 21 86 78 33 91 6 27 81 60
82 18 54 57 58 63 62 13 38 39 64 45 65 78 78 0 41 69 41
59 14 78 1 笑 94 71 55 57 77 63 29 19 55 15 39 7 38 笑
65 89 41 29 21
23 24 53 46 36 39 17 91 72 75 81 3 41 38 86 81 72 4 73
75 55 68 11 67 78 56 51 53 5 75 44
46 67 53 29 51 47 37 62 62
28 76 63 42 61 51 50 76 80 0 49 35
48 76 29 11 79 80 20 56 81 44 11 92 72 22 Charlie 81 60 23
23 哭 8 17 74 73 27 59
92 15 16 25 65 32 88 59 9 29
30 53 11 6 18 5
88 Tracy 19 8 13 7 6 73
63 10 20 71 80 44 76 92
18 6 68 27 3
70 6 91 2 Charlie 58 70 22 81 笑 5 35 哭 91 34 64 90
10 7 78 35 83 24 90 49 29 15 笑 38 18
13 72 89 9 28 74 47 4 52 66 21 62 90 89
68 8 7 43 54 21 32 0
41 80 3 72 9 90 89 41 7 30 61 8
12 69 18 44 62 22 91 23 11 59 34 34
0 Tracy 4 84 0 27 11 89 94 22 16
7 42 65 64 41
59 68 0 14 28 7 29 24 4 22 14 22 61 2 6 31 27
60 Charlie 82 22 79 Jialu 9 77 24 6
83 88 27 23 Charlie
51 42 45 37 92 89
84 33 34 82 27 87 30 60 15 56
44 12 54 93 22 60 82 4 90 16 36 48 93 88 57 56 76 49
92 73 76 92 15 0 14 12 68 44
2 22 5 25 73 33 84 18 74 34
15 17 哭 0 11 44 41 27 14 14 44 14 77 23 21 93 29 89 42 14
63 77 88 48 70 20 84 29 62 34 57 51 43 87 78 37 88 77 66
73 90 57 57 51 70 23 18 22 54 70 30 31 32
20 89 19 9 47 65 66 68 68 34 34 3 50 5 55 74 49 33 37 2
63 35 7 22 91 61 52 61 71 15 63
10 11 58 3 61 93 22 56 68 60 13
50 84 29 57 94 61 5 24 32 47 50 65 18 18 85 4
43 32 45 78 27 17 33 62 22 61 Charlie 29 88 81 5 9 78 16 60 44
27 91 45 74 92 17 91 71 89 19 60 32 8 29 70 69 44 72 53
33 2 61 72 31 39
88 49 23 13 29 78 63 37 41 26 25 74 78 哭 51 33 66 50 87 41
26 13 Jialu 2 17 49 48 52 27 16 55 35
81 38 86 0 18 44
77 47 74 42 46 37 20 81 82 35 68 93 85 49 63 28 28 5
91 67 17 5 46 70 61 38 0 19 8 28 80 86
19 37 72 70 2 54 14 23 53 9 39
2 5 85 39 94 70 64 88 14 77 31 45 62 15
42 74 33 37 66 3 59 55 45 77 76 65 94
0 79 57 哭 12 74 35 29
Jialu 10 41 82 66 4 24 17 11 44 92 89 90 74 58 63 31 42
14 91 1 26 86 56 44 56 52 68 52 25 35 0 50 7 14 41 40 6
30 90 11 16 14 14 48
15 90 0 90 75 88 83 29 哭 8 42 24 84 34 笑 34 64
11 36 33 93 哭 65 27 31 40 81 82 5 19 53 39 48 87 36
91 80 82 28 63 52 3 67 34 25 68
40 84 5 19 84 5 Tracy 75 81 50 78
49 73 44 15 23 Jialu 0 23 哭 78 30 44 42 92 43 88 57 13
79 75 55 85 40 0 85 3 61 76 66 16
85 79 16 86 30 Tracy 1 86 0 哭 69 5 71 4 13 70 79
52 39 14 38 Jialu 87 32 9 60 笑 53 63 87 86 73 83 22 56 93
15 58 12 14 77 27 46 9 34 62 49 81 82 23 34 45 34 24 91 37
69 25 8 54 52 Tracy 92 Jialu 47 47 71 30 32
2 41 91 19 48 Tracy 13
25 80 13 2 41 23 90
73 19 91 50 73 23 42 81 30 58
67 5 30 61 59 25 39 65 78
Jialu 1 65 89 42 67 78 42 46 51 67
35 50 31 92 91 20
16 82 93 21 76 36 58 76 52 74 30 25 17 80 21
23 51 93 83 45 68 34
43 56 81 48 70
77 27 83 4 91 53 49 28
61 3 33 58 38 75 66 24 34 57 59 58 19 67 79
39 44 3 81 80 0 42 41 29 35 90 29 Charlie Charlie 85
9 哭 79 76 92 1 62 71 6 21 46 20
0 41 70 27 30 85 28 笑 79 77
30 81 65 27 20 93 35 29 42 64 86 73 52 92 19 23 4
Charlie 39 21 37 49 72 18 1
24 82 72 23 29 58 65 32
58 1 39 71 4 52 34 6 58 67 9 89 20 30 70 31 73 81
40 30 49 25 66 82
69 81 22 22 24 13 49 25 39 91 51 89 80
6 15 哭 67 15 23 87 3 90 44 36 31 60 62 55 42 52 71 77 15
83 22 7 12 11 71 29 70 16 80 14 10
80 8 7 6 45 35 53 54 80 73 18
36 Tracy 76 83 63
48 86 12 55 35 17 57 79 48 64
55 15 60 71 35 44 16 92 61 笑 34 68 8
72 64 43 88 89 15 25 71 46 88 83 11 33 16 90
87 53 19 Charlie 8 21 16 66 88 16 81
14 86 32 35 7 35 91 1 21 32 76 19 78 14 92 58 28
26 76 45 61 31 1 21 23 51 55 Charlie 17 50 Charlie 20 8 89 93 9
32 48 笑 90 24 61 45 34 82
53 70 56 73 27 38 59 Tracy 52 27 71 45 20 90 55
34 4 16 1 46 29 50 62 71
22 86 29 41 31 56 Tracy 6 59 40
3 13 15 50 84 哭 24 94 73 1
58 81 94 Charlie 22 24 23 82 38 40 52 93 20 60 91 48
4 92 87 45 Tracy 26 44 66 17 63 89 51 55 35 52 6 9 34
41 83 41 18 66 Charlie 83 15 52 67
50 23 45 83 84 43 12 86 57
32 73 90 82 0 77 47 25 63 17 72 84 Charlie 45 22 65 44 28 29 19
70 3 1 75 32 20 79 49 36 91 89 23 22 21 50 14 77 15
3 18 77 11 80 81 29 33 25
19 75 42 75 笑 77 89 79
23 7 哭 48 9 6 37 47 57
82 49 40 13 92
77 36 77 哭 58 47 34 11 13 38 36 85 28 89 40 33 14 41
14 43 23 12 80 23 16 29 80 74 87 13 75 85 85 5
70 17 85 19 70 35 91 27 89 40 67
60 64 62 10 41 70 94 80 77 44 72 82 69 19 90 2 47
7 54 83 37 2 34 41 64 33 70 69
67 37 26 23 33 61 0 3
19 90 40 6 35 6 71 4 84 51 51 Tracy 47 11 67 29
58 31 83 55 74 32 20 80 50 84 48
6 66 76 61 73 19 37 25 49 46 90
93 17 16 83 Tracy 42
17 Charlie Jialu 77 Charlie 59 笑 89 94 30 61 72
27 48 Tracy 85 9 57 Jialu 8 90 Tracy 0 51 Charlie 89 66 45
80 70 23 15 76 61 74 42 22 4 76 39 91
17 哭 66 77 51 56 75 16 73 73 48 9 46 10 90 61
57 84 55 81 83 28 4 46 59 52 67 22
78 45 64 13 80 3 22 9 59 1 46 笑 81 81 79 33 68 64 17
93 33 88 45 82 43 20 74 93 67 51 77 2 61 45
27 53 55 哭 88 45 15 33 36 2 35 57 3 32 75 54 52 哭 73 52
22 33 74 1 76 81 19 64 75 53 64 9 60 50 49 6 20
5 2 28 92 74 29 4 30 71 79
22 92 Jialu 94 91 22 16 36 73 51 26 71 76 21 54 0
76 26 76 69 71 86 41 41 74
71 77 47 7 56 79 7 39 54 25 21 94
58 36 28 16 41 1 88 82
80 20 48 70 8 37 35 63 87 77 14 18 20 67 74 17 Charlie 63
8 45 65 94 20 70 56 2 76 47 93
17 2 76 84 3 29
76 94 23 72 31 39 88 10 66 49 40 3 94 55 78
31 91 77 72 Tracy 90 4 78 33 9 5 32 45 23
45 6 49 哭 19
24 56 47 49 9 65 39 93 91 32 89 42 21 7 46 10
82 32 81 11 60 28 48 Tracy
42 61 85 36 89 9 64 1 90 4 12 33 8 76 56
28 45 63 57 87 1 6 49 58 39 84 39 89 49
88 26 4 64 22 53 7 88 67 21 49 84 13 1 65 48 78 77 57 87
56 87 Charlie 49 23 57 10 69 哭 25 37 72 60 41 80 10
44 Tracy 82 11 75 45 Tracy 33 55 67 86 23 69 8
92 42 40 87 58 83 70 15 56 8 34 76 51 4 73 13 93 72 4 3
74 29 49 29 19 20 5 笑 23
Charlie 10 20 5 87 4 72 38 20 12 55 16 67 54 27 41
81 41 68 72 79 91 23 49 Tracy 93 54 9 50 25
14 6 47 11 32 71 39 60 38
15 14 55 Jialu 74 30 48 17
74 52 12 46 92 24 94
42 26 24 36 53
42 17 50 53 57 78 哭 10 83 85 32 65 86 13 41 40 37
72 66 87 83 85 54 哭 69 80 21 90 25 74 54 17
65 42 41 7 70 23 64 0 90
笑 87 50 48 72 14 94 36 82 78 19 50 39 70 41 90 5 63
8 Jialu 61 69 71 14 笑
2 88 77 34 72 71 Tracy
6 55 17 51 66 81 7 25 32 5 7 39 37 87 13 79 87 21
27 90 1 49 19 92 60 Tracy 47 68 41 51 90 9 85
4 0 54 48 47 68 8
35 41 88 22 29 38 9
36 30 85 52 10 13 72 10
16 87 77 42 84 74 Jialu 3 14 44 82 19 Charlie 1 75 34 81 8
31 52 77 54 17 30 32 37 35 69 Jialu 53 52
22 82 38 64 61 84
26 78 58 68 笑 55 88 81 51 11 38 16 37 33 62 24 7 哭 25 4
41 6 44 61 50 62 71 69 41 5 69 28 哭
2 20 72 Charlie 24 27 Charlie 75 34 39 20 2 Charlie 18
5 53 18 45 80 72 31 17 14 87 11 15 68 12
78 8 0 11 92 88 16 88 27 60 16 31 51 40 70 74 34
56 6 38 3 40
37 18 93 55 7 59 笑 18 50 74 73 6 2 42 42 46 27
25 55 26 31 29 22 8
87 87 22 3 1 87 47 51 91 47 32 69 85 37
36 78 77 6 15 20 19 73 90 76
60 26 10 25 76 43 63 48 40 33 47 55 74 41 17 10 86 Jialu
15 41 55 83 44 55 23 26 Charlie 61 30 17 46 36
61 83 23 51 45 47 35 86 46 48 2 67 13
27 72 20 23 47 8 15
15 65 44 14 33 17 91 81 65 0 3 75 20 43 Jialu 19 69 49 10
11 72 4 32 8 44
9 14 55 87 73 5 15 26 59 74 69 45 83 52 84
18 笑 34 89 9 笑 45 40 3 91 36 50 73 91 15 笑 86 81
24 笑 68 63 70 8 74 49 91 79 94 53 28 67 14
11 15 14 36 30 15 84 45 77 48 29 6 69 87
27 17 66 87 40 73 6 48 82 79
Tracy 49 21 笑 59 1 89 5 39 74 66 21 8 44 16 71
53 18 9 91 70 46 81
65 23 0 47 86 36
77 36 21 64 84 35 71 34 11 10 29 83 18 14 43 76 72 76
Tracy 81 80 70 3 71 42 4 50 23 45 6 56 19 64
66 66 37 88 73 31 76 4 54 29 22 36 19
19 笑 68 10 40 35 23 39 笑 75 55 45 52 50 44 84
31 Jialu 67 57 64 9 34 81 17 11 27 76 52 6
10 81 89 75 72 92
33 91 31 94 19 65 53 Charlie Tracy 笑 33 6 25 72 37 83 33 6
43 79 93 Tracy 88 31 18 15 Charlie 46 63 16 Jialu 51 48 38 26 33
91 87 0 3 51 47 59 15 61 61 32
Charlie 12 11 31 67 19 40 82 91 66 52 46 2 8 41 10 5 47
42 24 62 47 51 2 63 74 28 50 83 66 12 33 65 25
76 62 15 65 85 56 41 76 90 42 9 53 90 85
74 25 0 67 67 86 66 Charlie 84 16 10 32 17 89
39 57 59 38 83 44 63 44 81
88 83 20 86 22 14 72 64 18 37 54 65 45
27 41 50 5 35 59 10 39 13 93 53 13 80 16 47 92 88 65 45
58 31 35 38 57 73 14 93 48 49 25
11 94 52 45 66 24 43 57 41 72 84 66 93 2
61 6 3 58 56 1 67 30 89 23 41
41 66 5 24 52 Jialu 64 74 4 48 53 83 58 21 39 26
23 Tracy 62 66 80 65 38 78 90 7 34 9 83 91 39 26 82 22 42 75
39 30 61 77 Jialu 60 81 66 28 78 45 11 93 52
30 36 82 87 19 80 66 83 73
37 89 68 68 67 57 70 0 哭 4 70 70 Charlie 57 74 49 78
37 72 24 8 88 12 哭 89 56 50
15 91 80 28 85 51 94 46 76 25 22
66 17 31 18 64 60 54
15 69 54 63 38 12 7 66 14 Tracy 53 35 12 笑 94 13 46 44 6 13
16 61 46 72 26 26 60 53 80
30 86 51 2 27 74 86 71 72 59 47 85 29 43 39 48 2 42
52 73 32 笑 笑 88 27 22 25
55 70 36 76 70 Jialu 16 77 93
67 29 72 9 94 77 57 26 2 Charlie 76 48 57 84 50
71 37 2 79 10
28 31 44 89 42 81 22 73 60 30 7 37 63 74 78 Jialu 59 10
42 9 48 22 42 19 1 36 14 14 40 25 84 60 94 54
0 17 60 87 56 20 18 3 28 Tracy 20 48
52 23 33 42 5 29 40
51 64 5 78 57 1 56 52 4 4 20
哭 43 41 92 83 52 8 11 26 39 69 18 Charlie 40 5 91 52 93
23 56 62 53 44 Tracy 92 8 44 18
32 11 34 67 56 笑 17 90 61 87
58 58 81 50 54 18 22 35 24 44 10 28
49 14 24 70 25 10 74 47 20 21 70 0 44
91 87 63 Tracy 93 84 52 42 60 79 11 71 85 70 82 75
哭 5 70 49 32 83
Jialu 48 31 45 50 35 29 7 52 4 61 7 81 45 40 31 13 Jialu 35 87
52 76 58 18 51 19
66 81 71 46 11 34 51 27 27 81 14 4 25 22 80 11 43 52
90 81 83 73 87 42 69 18 23 74 25 70 5
87 86 1 哭 1 19 59 Charlie 39 63 54 82 24 75
54 0 11 29 58 74 94
17 81 65 笑 4 16 9 55 15 37 24 12 19
笑 14 53 Jialu 88 47 28 88 13
33 15 66 89 24 64 52 87 63 45 14 39
3 70 35 28 54 33 0 61
48 44 24 59 26 0 78 26 76 37 21 31 57 78 0 70 63
32 20 10 39 63 32 Charlie 84
80 89 哭 74 57 44 Tracy
4 68 91 49 91 52 7 59 89 51 29
12 23 92 82 55
18 86 19 8 23 39 45 47 23 88 笑 33
57 61 28 39 20 81 0 63 87 93 23 Jialu 53 15 10
77 71 16 28 70 7 47 60 75 87 33 61 39 32 74 Jialu 33
50 36 79 27 87
48 74 74 58 Tracy 91 26 38 91 36 3 70 83
76 34 38 2 43
78 33 Charlie 86 45 25 63 8 81 87 74 78 8 50 14 82 55
50 6 81 78 38 24
34 1 72 Charlie 91 45 47 20 49 24 74 6 54 16 26 46 66
71 34 21 23 22 41 1 哭 61 19 11 19 34 14 0
87 Tracy 34 73 23 54 68 44 17 86
46 86 42 31 29 63 74 哭 55 58 22
20 43 9 31 45 64 83 44 1 0 63 23 8 84 90 54 13 Jialu 2 41
19 8 2 哭 18 5 53 10 32 51 0 53 64 86 48
35 33 94 69 7 68 22 63 88 75 45
28 86 Jialu 57 11 3 4 46 14 34
24 66 69 69 94 59
54 17 36 93 88 64 31 94 12 59 87 72 61 笑 61
63 72 69 1 27 89 51 3 79 94 39 Jialu 32 67 22 20 51 15 69
57 36 15 70 56 76 30 75 87 4 21 83
13 37 41 11 20 62 Jialu 38 16
12 48 80 30 哭 22 70 3 40 15 30 73 18 54 8 73 60
3 23 72 62 44
93 84 57 39 70 7 41 6 92 67 27 90 15 59
25 15 74 47 31 78 59 笑 65 76 79 36 60 12 10 6 1 笑
34 18 46 66 25 83 31 56
40 87 75 34 71 29
2 30 Tracy 78 73 42 48 47 88 22 3 22 Tracy 哭
69 71 15 24 22 23 笑 56 73 12 73 53
92 11 28 15 60 68 87 41 63 14 25 59 69 15 66
54 45 32 36 52 13 72 5 64 81 94 60 10 Tracy 41 Tracy 24 44 91 39
67 Jialu 22 59 85 83 91 28 54 29 21 0 90 22 64 43
51 47 Charlie 1 31 哭 4 9 77 37
63 67 0 46 2 66 73 84 49 19 23 85 94 68 31 39 38 31 78
62 14 11 57 64 22 71 31 43 47 2 56 24 66 93 46 12 76 笑
94 哭 36 58 21 40 80 57 52 0
38 83 44 53 71 41 22 48 7 14 76 1 30 47 93 93 38
Jialu 68 85 91 75 14 45 89 77 Tracy 47 91 59
12 26 84 34 26
92 27 58 89 72 22 65 79 13 4 9 41 56 88 52 56 56 52
24 40 4 39 0 哭 Jialu 34 86 88
42 57 36 27 74 67 30
5 84 47 29 83 0 54
37 9 43 10 32 9 7 40 75 1 15 31 笑
26 Charlie 17 83 72 83 Tracy 3 63 7
76 74 10 79 11 5 90 50 73 81 46 28 17 5 28 89
70 24 65 3 12 78 49 77 70 82
87 9 63 51 35 16 27 11 56 94 12 62 3
59 72 78 40 74 15 30 17 12
33 32 88 27 94 62
54 26 46 71 78 28 82 54 57 89 93 62 91
16 81 55 哭 13 Jialu 45 0 1 85 58 36 Charlie 52 7 1
41 16 74 42 6
60 76 33 66 53 57 Charlie 38 64 44 16
52 42 47 77 46 54 19 51 90 45 89 55 27 30 43 9 68 69
17 32 4 17 94 57 91 6
33 75 23 34 85 67 31 26 10
80 5 22 53 2 20 70
28 87 67 2 10 38
1 78 81 64 88 38 88 1 21 69 69 12 84 56 44
27 83 17 27 51 21 54
64 85 36 38 26 10 61 91 2 89 34 14 94 42 75
88 34 38 10 89 5 74
50 8 33 30 77 50 Jialu 36 38 65 哭 60 53
56 47 68 83 47 78 32 81 22 89 81
23 40 7 77 Charlie 38
75 66 88 93 60 44 41 83 31 33 5 62 61 25 62 48
93 18 48 50 90
11 43 34 45 Tracy 6 Tracy 26 49 16
12 37 32 27 75 9 64 11 31
5 0 78 Tracy 57 Charlie 92 25 4
8 52 89 47 4 82 46 93 58 84 Jialu 78 51 16
74 57 70 66 79 75 22 42 82 73 90 7 哭 80 59 Tracy 49
73 5 29 56 哭 16 44
26 40 64 45 51 14 14 9 62 76 81
3 63 39 13 17 64 48 64 36
28 76 Tracy 12 52 65 55 36 哭 88 64 83 29 53 哭 31 58
10 Tracy 63 43 19 87 77 19 55 13 21
81 12 58 26 6 38 65 47 15 25 27 26 33 笑 37 59 43 86 12
80 37 65 23 16 44 50 18 51 69 45 19 8 80
92 0 26 13 5
2 46 65 49 71 91 41
85 20 84 46 笑 53 62 13 58 56 77
Charlie 50 19 3 85 79 3 60 5 85
49 28 83 37 23 34 42 92 84 38 34 85 50 89 11 89 13 84 42 60
10 93 57 62 43 60 Charlie 84 72
48 2 Jialu 62 Jialu 27 6 64 18 34 74 66 73
68 37 2 16 89 49 11 9 4
13 32 81 78 69 25 14 75 15 34 82 22
67 12 1 23 76 52 70 63 18 14 笑 76 30 6 58 13 9 41 69
22 37 26 70 34 93 2 26 48 48 77 74 36 69 62 43 8
38 22 85 28 84 5 2 58 35 哭 58 3 82
93 85 93 17 88 18 19 14 18 60 54 59 86 71
16 72 69 51 26
19 3 47 2 55
62 46 19 50 41 84 34 36 25 53 81 78 73 71 72 3 74 91
26 69 74 64 48 Tracy 63 89 12 82 81
89 53 笑 26 51 92 83 82 63 50 2 65 28 58 29 67 40 68 54
5 7 36 51 87 Tracy 78 49 90 48 54 43 53 51 78 35 53 65 85
74 79 87 76 44 78 56 27 56 56 27 61 1 70 39 92 43
71 39 32 5 83 51 79 26 77 67 91 20 74 27 28 87 84 29 54 哭
9 91 51 29 7 35 82
13 78 80 16 38 18 40 9 28 66
4 7 Jialu 91 83 31 47 90 36 80 55 Jialu
63 28 38 3 60 47 30 Jialu 36 19 53 47 49 19 18 78 73 9
65 17 5 Tracy 52 4 Charlie 68 81 50 66 81
50 9 1 75 23 15 50 6 26 48 67
51 20 55 15 28 18 88 33 2 93 81 36 43 13 27 92 92 39
54 80 88 55 笑 54 14 53 Tracy 89 88 10 40 90 11 72 笑 44 23
20 30 22 81 84 13 89 19 50 10 61 80 0 66 92 35 2 50
50 74 59 29 Jialu 17 12 68 78 26 87 44 12 30 53 Jialu 33 26
73 18 7 1 64 46 94 49 90 18 33 28 Tracy 58 7 21 2 41 85
92 74 76 75 30 6 13 72 87 90 91 89 44 82 92 24 52
65 73 91 23 62 75 42 52 90 61 92 25 45 93 2 30 88 26 3
42 59 93 85 Charlie 84 79
76 58 69 41 46 54 72 17 88 81 37 4
26 43 44 12 42
39 44 86 14 70 74 88 94 25 27 8 64 54 77 73 7 79 40
哭 25 52 51 82 70 29 55 11 66 Jialu 18
81 46 41 94 14 83 40
25 42 6 85 38 15 12 74 78 82 83 43 10 9 Jialu 71
11 31 14 16 57 30 37 81
23 32 62 29 14
31 29 39 67 30 80 13 40 58 11 63 93 88 35 43
6 67 72 52 91 13 55 3 12 39 20 91 75 23 85 8 73 68
81 2 73 92 76 10 8 73 15
40 26 30 79 34 92 77 61 71 哭 63 94 11 25
0 93 59 85 59 35 46 Charlie 0 31 34 37 81 43 63 22 66 87 11 87
79 74 80 78 51 42 74 65 82 21 83 50 87 8 73 1 73 71
65 26 80 7 48 24 87 56 43
89 91 58 93 43 64 39 27 26 40 24 笑 65 23
25 54 5 42 47 17 74 69 77 38 4 9 24 63 94 90 87 23 74 69
31 89 55 2 67 Jialu 57 50 57 30 10 3 89 3 28 26 2 82 15 14
14 85 93 57 8 89 26
15 39 5 33 19 28 16 37 65 8 30
92 61 12 53 91 81 1 62 26 18 Charlie
61 73 29 81 94 Jialu Tracy
79 69 68 63 87
36 52 27 35 71 26 75 24 51 Jialu 63
笑 77 15 85 51 65 38 43 33 84 93 40 68 43 20 64 78
46 92 47 33 28 41 57 93 53 5 10 34 41 78 Charlie 67
65 46 74 81 3 81 2 26 90 22 83 33 哭 33 54 13
Charlie 7 83 77 16 49 40
50 34 32 0 49 87 68 44
4 75 72 30 7 92 89 41 25 9 27 87 13
71 哭 33 25 91 27 68
13 10 69 93 87 74 19 1 Tracy
78 81 50 42 60 Tracy 60 8 81 71 58 70 46
50 27 40 2 45 63 53 3 37 25
79 13 85 4 8 46 0 80 20 90 42 36
7 57 哭 哭 0 11 69 0 81
54 9 15 13 80 Jialu
18 78 33 51 61 38 4 16 72 72 32
29 35 24 52 84 7 66 67
2 56 65 48 74 84 93 笑 21 58 28 Tracy 78 41 60 89 61 82 69 42
8 87 59 69 93 66 51 17 29 59 62 44 93 0 32
68 33 54 27 85 89
41 22 86 76 Charlie 79 74 94 53 58 56 74 94
44 86 75 50 74 57 78 48 87 51 哭 85 58 84 18 5 82
77 23 27 Charlie 87 14 68 Tracy 35 17
72 92 54 84 89 86 93 Jialu 37 57
81 2 14 53 笑 47 78 89 90 18 73 33 14 72 58 50 58
38 79 50 57 40 20 91 89 64 94 2 1 31 76 3 52
13 3 24 44 2 16 92 67 37 1 72 4 81 2 9
67 46 46 51 63 55
66 1 62 76 73 26 47 54 51 48 59 52 70 68
38 93 74 20 3 83 52 Charlie 7 12 42 66 0 91 57 81
26 75 39 37 0 40 57 75 0 53 94 72
68 77 88 39 45 8 61 31 92 45 14 52 24 30 25
3 41 80 78 14 24 30 51 91
17 25 13 23 76 41 26 46 38 16 17 75
82 哭 76 36 75 44 20 58
68 69 3 5 65 Jialu 18 92 Jialu 58 哭 58 69 24 40 85 5 1 3 81
6 2 14 28 56 36 44 33 94 58
42 58 50 68 16 64 17 10 37 笑 78 9 41 76 57 41 7 64 61
20 80 72 70 70 76 21 Jialu 80 35 39 10 71 35 75 48 9
19 88 哭 2 79 21 89 84 89
Tracy 0 68 16 47 27 11
86 0 57 18 28 25 86 56 57 35 34 70 61 60
41 38 56 26 89 Tracy 90 60 44 83 80 49
4 92 68 29 44 90 54 24 70 78 52 36 89
55 19 90 23 48 22 9 57 18 30 7 65
18 74 56 28 24 47 5 21 55 1 94 52 6 94 11 54 80
91 93 68 39 14 69 65 77 64 52 0 12 34 57 51 2 35 39
46 44 8 哭 55 23 0 56 19 92 22 58
20 Charlie 68 82 69 10
78 80 91 67 Tracy 79
78 61 87 5 23 26 34 46 65 90
33 62 23 92 37 64 笑 59 45 42 11 9 28 Jialu 52 38 59
84 80 45 14 84 35
65 76 83 28 50 73 16 笑 44 69
15 76 4 28 62 70 49 28 85 24 54 33 25 50 78 16 12
93 Charlie 7 52 3 10 57
18 50 48 72 Jialu 90 Charlie
14 23 0 81 16 15
18 92 71 41 9 6 9 6 34 46 56 88 16 19 85
63 10 76 34 69 26 66 61 13 94 94 1 48 83 33 Tracy 54 42 66 31
93 67 80 79 28 74 87
9 91 13 43 75 Jialu 18 47 56 24 29 62 笑
76 17 62 29 56 74 65 92 52 82 90 54 2 40 9
92 82 57 90 14 2 30 12 82 28 76 54 89 81 9 71 89 47
54 57 85 57 55 55 76 35 0 5 92 28 91 50 哭 14 54 48 45
28 86 58 10 28 82 56
51 83 41 93 30 86
41 80 Charlie 60 4 40 63 69 25 3 93 11 89 48 6 87 64 88 15
90 26 76 88 14 26 33 53 81 92 86 48 哭 9 27 65 72 64
92 21 58 62 44 28
56 36 87 52 67 15 1 40 59 44 27 48 Jialu 85 25 60 72
79 21 1 57 29 39 55 46 79 39 40 36 26 30
43 74 33 84 57 18 94 78 58 49 40
16 37 79 43 25 67 90 5 15 41 39 41 71
92 32 26 24 Charlie 55 1 65 47 50 2 13
74 34 78 4 45 54 19 2 79 29 50 77
0 92 16 78 47 90 26 62
Jialu 65 9 52 43 75 88 53 76 91 3 47 78 43 90
24 94 Tracy 1 33 28 81 13 34 17 39 93 45
22 70 74 23 17 11 42 24 29 8 86 83 43
15 78 18 57 17 65 56 0 66 75 40 62 85 31 30 39 72
33 20 19 10 25 57 30 73 94 14 51 81 27 41 37
1 44 67 54 76 1 91
58 67 9 0 77 4 86 69 37 74 38
5 5 33 3 40 25 Charlie 24 92 6 笑 94 42 55 16 66
20 90 57 22 82
67 34 19 21 11 55 61 89 88 39 48 55 53 58 25
7 19 35 80 16 44 74
25 57 33 68 36 15 60 68 87 72 72 62 67 56
31 6 28 20 5 3 60 39 61 53 12 3 91
38 17 25 47 24 15
63 45 22 笑 57 25 75
72 75 7 94 8 53 90 35
哭 1 53 73 50
6 69 75 61 51 17 82
15 5 51 51 43 12 87 33 25 7
8 31 58 22 49 19 66 79 2 75 78 75 0 43 43 71 11 86
91 72 31 65 30
70 80 45 86 55 21 34 33 0 66 81 33 87 61
82 92 7 29 72 49 82 27
93 53 3 5 80 84 86 69 64 56 24
27 3 24 85 84 2 66 88 92 53 50 63 77 87
2 50 86 54 28 85 85 21
76 89 56 92 58 24 1 68 28 57 6 65 52 61 58 91
80 53 72 78 75 48 82 19 79 51 30 47 53 86 86 16 16
45 14 2 21 0 50 12 34 85 74 18 87 60 38 57 71 52
39 54 8 24 56 55 74 44 18 10 37 91 15 54 73 55 32 59
35 77 35 49 16 45 24 7 21 60 35 84 84 68 56 48 15 Jialu
75 20 67 53 72 26 69 17 57 40 75 94 0
2 82 22 32 90 56 Tracy 61 2 64 90 58 45
7 81 5 89 34 5 59 6 42 59 92 89 57 7 88 90
0 65 8 21 46 64 36 Tracy 32 51 66 93 50 62 58
74 40 27 82 46 笑 18 20
84 11 93 30 32 47
74 38 10 70 12 92 81 20 20 61 46 41 81 65 64 18
48 51 23 87 68 40 79 79 15 哭
34 18 2 64 70 39 82 84 62 78 69 10 20 55 13 82 35 71
35 39 54 52 78 43 2 24 0 哭 11 44 80 92 27 2
72 2 52 25 18 38 23 1 41 11 62 61 49 66 82 68 69 72 87 22
89 23 64 47 83 64 91 22 36 54 2 0 64
71 29 哭 57 52
8 42 69 87 40 65 63 80 50
14 0 22 57 48 12 24 23
Tracy 49 35 44 6 91 94
34 68 30 39 39 69 86
43 50 86 45 12 63 81 94 74 53 48 57 27 55 93 54 42 33 Charlie
23 9 50 26 17 75 69 20
60 23 22 39 7 25 20 28
29 84 44 20 16 28 76 34 4 24 47 4 22
63 12 74 16 7 47 83 57 0
70 11 Charlie 9 5 47 81 0 12 6 13 89
28 52 7 64 34
23 43 笑 86 80 22 4 52 36 28 Jialu 16 56 22 81 88 41 84 47 82
40 86 21 75 48 11 29 20 4
40 15 80 45 88 85 67 25 40 70 Charlie 36 70 26 84 77 43 76
52 50 93 71 59 33 62 69 35 20 43 15 40 92 28 36
51 4 53 23 50 88
39 Tracy 15 17 72 86 21 8 88 68 Tracy 0 85 87 81 55 16 20 54
27 80 85 53 16 0 41 44 28 4
78 Jialu 30 88 93 24 20 79 73 61 58 9 16 88 Jialu
50 76 Jialu 0 25 48 49 2 25 3 49 59 58
24 55 20 73 61 82 14 75 84 26 49 1
13 4 60 74 56 40 41 16 83 21 17 76 26 46 24 89 44
15 17 26 73 3 32 52 3 68 80 29 81 Jialu 70 69
90 1 49 Tracy 30 46 64 哭
72 61 12 51 12 45
21 1 84 89 32 29 75 28 27 18 0 53 45 94
79 55 89 0 Charlie 45 2 19 10 43 37
21 34 87 17 73 61 59 49 83 36 71 88 32 46 15
62 50 87 77 8 4 73 47 53
9 88 38 88 40 76 17
31 56 45 34 15 19 48 79
53 61 54 1 7 59 0 51 35 87 84 52 7 25 笑
90 32 64 50 7 35 23 4 19
Jialu 93 77 77 笑 94 85 30 90
9 0 38 10 41 22 16 37 22 47 70 25 68 49 2 27
33 18 10 16 90 2 80 47 72 21 42 13 51 59 3
27 77 8 31 17 Charlie 33 77 58 54 45
13 38 80 27 5 67 23 33 5 65 89 86 57 83 80 77 46 哭
17 81 87 44 Charlie 41 Jialu 33 5 38 32 48 20 86 65 13 69 Charlie 52 笑
93 60 82 哭 30 68 55 31 60 70 50 30 42 12 29 33 24 1 20 75
1 77 1 47 86 55
87 哭 52 10 64 65 41 20 56
41 48 56 28 50 10 24 79 33 50 15 14 46 27 28 86 3
Tracy 2 17 Charlie 3 46
45 40 60 60 17 17 52 71 45 Tracy 89 29
73 45 65 21 35
80 89 41 57 52
13 30 36 91 77 64 92 49 70 38
41 9 81 38 50 17 Charlie 10
73 10 84 91 79 5 88 67 55 42 88 49 51 50 80 12 7 46
27 10 87 64 39 5 7 83 57 39
57 8 56 55 3 12 53 56 33 40 69 36 74 32 62 35
36 90 10 9 笑 54 86 86 Jialu 91 81 2 13 66 77 13 Charlie 81 39 66
34 38 58 42 55 25
48 12 24 7 32 85 13
54 69 67 37 61 35 31 6 25 12 61 91
63 54 92 28 10 23 14 90 12 65 92 29 71 78 82
49 20 4 60 74 哭 24 16 88 63 Jialu Jialu 49 28
1 42 51 41 4
37 56 12 12 68 15 55 72 73 8
76 72 32 74 51 80 73 2 80 18 3 3
38 34 23 53 16 26 8 49 44 10 47 67
2 26 43 51 78 55 3 48
34 85 40 92 53 30 28 86 28 83 Jialu
76 6 54 28 Tracy 笑
84 11 67 2 68 2 85 8 23 21 32 42 36 Jialu
10 25 66 66 66 18 27 52 Tracy 51 87 74 89 16 83
Charlie 80 13 59 32 29 75 90 75
哭 54 44 47 94 Jialu 47 10 87 0 78 59 8 8
94 20 92 55 59 58 81 8 53 27 70 78 86 93 19 74 84 86 10 34
48 50 3 15 65
34 7 4 0 54 50 57 1 61 90 44 28 Jialu
26 2 33 83 43
69 58 21 35 28 45 25
65 22 84 45 48 4 34 75 20 80 72 29 72 78 15 25 5
20 39 37 35 32 19 Charlie 93 51 11 Jialu 42 24 20 1 15 71 62 60
90 36 92 58 27 52 84 88 55 Tracy 83 7 71 21 94 85 20
30 74 7 31 74 35 65 54 91 52 13 68 13 89 6 3 44 14 76
31 86 57 37 72 51 68 80 29 24 61 25
60 4 93 32 27 24 32 45 8
20 54 32 16 91 74 62 53 45 笑 15 25 80 45 19
11 35 2 76 21 22 40 86 57 42 71 68 Charlie
14 33 72 31 73 35 85 11 35 40 82 60 33 哭 86 1
50 53 78 55 88 67 8 14
18 28 64 87 42 64 46 41 7 36 28 24 Jialu 86 44 81 49 6 30
Tracy 5 57 Charlie 39 66
44 14 63 18 Jialu 20 64 90 83 61 57 42
49 6 30 92 14 0 82 22 8 4 88 15 85 42 7 1
62 13 22 88 38 11 70 54 16 54
11 5 61 88 61 92 1 52 86 73 38 53 16 69
50 20 89 50 47 34 25 56 59 86
56 9 5 21 15 80 70
87 92 23 哭 4 39 1 84 32 93
92 71 70 28 27
4 32 Jialu 31 32 80 71 35 89 24
92 19 25 29 48
37 0 10 61 55
56 42 10 30 10 43 85 76 59 46 65
5 52 10 66 31 13
21 12 25 15 59 81 36 39 25 42 33 18
63 94 16 41 86 48 90 61 76 83 50 33 15 22 70
23 92 23 45 33
55 36 84 3 40 13 Charlie 71 42 5 39 8 67 44 66 笑 35 39 52 42
71 56 18 9 61 69 61 73 79 43 59
67 37 89 72 88 25 5 2 19 59 87 66 3 41 24 90 28 3 63 58
57 78 7 14 11
51 77 53 51 Charlie 80 17 51 88 30 10
12 69 42 62 13 53 68 17 51 85 46 46 27 60 18 9 2 36 68
78 16 7 32 15 0 30
90 81 17 41 1 45 哭 Charlie 31 35 20 27 73 31 60
Tracy 34 11 71 Charlie 75 54 57 17 13 笑 77 67 89 36
27 70 35 23 93 25 39 27 61 83 笑 39 41 20 14 67 8
14 61 51 67 29 88 56 15 16 Jialu 38 76 63 24
90 20 23 Charlie 46 35
45 10 42 79 9 61 74 49 21 35 82 72 49
72 4 39 6 56 10 7 81 33
80 38 34 84 27 81 61 53 91 67 46
10 90 43 87 61 67 35 71 15 58 71 64 77 7
17 42 50 5 46 42 94 80 46 43 17 62 55 56 40 24 69
10 Jialu 69 78 47 42 27 21 Tracy 31 59 67 58 87 笑 19
49 63 61 32 35
37 82 笑 30 90 94 67 48 笑 26 41 86 0 Charlie 14 5 40
32 76 80 22 17 Charlie 64 64 37 44 32 Charlie 13 72 48 84 69
4 42 86 43 77 18 83 67 68 哭 笑 53 67 41 66 58
53 60 55 6 57 65 94
93 46 66 21 52 66 71 85 59 50 84 52
41 81 11 2 84 55 76
80 笑 52 93 25 78 70 63 21 5 3 41 81 2 32 68 60
45 27 11 63 79 89 5
89 55 11 68 15 34 72 50 87 11 34 75 63 47 39
80 47 22 11 30 44 41 9 69 52 11 91 80
86 84 17 43 18 14 9 44 31 83 12 64 4 81 54 4 87 13 20
59 78 77 77 72 46 88 40 45 92 44 92 11 40 53 26 59 15 笑
8 16 77 93 69 28 32 67 3 65 5 44 4 83 21 25 79
50 61 67 Tracy Charlie 71 27 0 13
35 31 56 35 54 80 18 15 39 69 2 36
67 14 56 35 36 89 43 17 54 4 51 65 3
Charlie 42 9 47 91
23 10 22 52 15 93 74 42 76 32 66 71 42 68 90 Jialu
64 28 91 43 69 76 1 34 74 37 57 78
51 Jialu 64 61 71 73 23 63 49 75 26 70 36 19 75 54 10 25 15
笑 50 26 36 86 82 66 90 3 34 49 85 84 62 57 58 哭 笑 53
16 30 10 77 11 17 Tracy 54 82
37 19 48 75 3 93 87 73 笑
65 2 37 52 8 60 34 36 82 46
26 68 22 58 92 80 79 79 0 64 52 51 76 25 92 42 92 87 31 13
70 13 12 1 38 3 84 0
47 36 30 笑 哭 62 93 34 82 10 87 43
38 Charlie 26 57 8 Tracy 75 80 7
89 25 7 66 79
55 77 29 Charlie 73 53 1 40 哭 67 50 5 48 64 19 89 50 91 50
56 45 16 8 0 32 87 9 26 89 46 72 41 81 41 56
54 15 44 60 9 53 72 70 50 2 Jialu 61 94 55 28 4 14 33 Tracy 60
61 7 56 4 39 66 55 41 26 58
44 69 94 44 17 46 43 42 74 14 80 42 81 50 32 75 10 13 38 13
52 Jialu 14 91 12 63 16 38
83 49 67 86 89 2 90 17 20
42 24 6 91 85 38 2 92
60 28 23 91 46 27 53 29 11 83 88 41 Tracy 42
51 44 4 64 24
14 6 74 74 8 23 31 26 33 35 11 23 72 35 22 85 11 20
34 54 63 64 28
34 75 12 Tracy 56 1 86 38 52 3 33 76 45 77 78
84 21 3 36 30 52
45 94 20 85 35 48 11 90 78 26 91 79 1 84 19 49
89 85 63 76 61 77 28 73 69 笑 64 22
25 3 85 75 66 22 38 3 70 47 7 71
36 25 41 24 89
26 74 51 88 42 0 22 68 89 86 82 35 91 18 21 27 85
48 8 38 16 81 50 66 83 12 6 43 57 34 38 77
25 21 80 63 35 68 51 56 Charlie 41 18 46 26 61 82 85 Jialu 59
27 21 49 48 9 59
哭 Charlie 11 11 69 37 37 39
6 25 49 93 79 41 73 7 30 89 46 56 57 81 56 76 39 2
Charlie 7 5 71 21 58 4 86 37 Jialu 48 3 2 69 78
51 73 82 63 Jialu Tracy 50 45 88
哭 20 4 83 40 41 3 笑 89 74 44
63 55 15 22 22 75 14 17
52 60 80 47 6 24 76 54 46 23 1 4 63
73 68 75 1 4 16 79
7 45 13 68 1 93 5 73 17 72
43 64 88 79 86 77 31 75 65 58 64 53 90 61 49 74
1 9 笑 Charlie 3 76 29
10 53 74 71 20
52 14 73 36 72 79 31 42
73 88 77 35 69 3 27 33 24 59 92 25 76
58 32 60 70 13 Charlie 1 84 70
91 66 57 6 46 34 67 82 25
21 93 5 50 52 65 54 0 13 45 24 71 54 85 48
26 21 71 43 68 85 85 61 笑
29 81 39 69 15
57 40 71 Jialu 66 93 68 17 29 21 64
11 Charlie 18 10 34 21 72 35 32
70 39 91 12 84 82 92 24 3 11 21 24 57 69 2
哭 83 89 24 Charlie 56 32 85 55 92 笑 89 79 72 2 30 3 71
48 46 16 11 34 10 10 5 20 68 81 51 51 42 46 42
笑 51 69 15 6 1 80 84 28 2 57 88 70 11 59 45 Charlie
69 66 笑 59 33
6 33 37 33 36 43 85 78 20 91 17 87
28 54 63 91 38 94 69 13 93 25 49 57 52 48
75 75 84 28 45 89
87 60 19 17 Tracy 43 64 72 85 哭
17 67 15 90 81 94 51 87 92 26 94 68 29 69 28 Jialu 1 0
61 22 92 75 0 30 46 43 66 6 76 86 15 82
31 Jialu 23 2 7 7 31 82 25 84 65
88 81 笑 Tracy 82 41 84 7 11
50 11 78 79 75 Jialu 82 22 41 52 70 84 65 10 62 10 72 51 75 48
34 36 哭 55 86 19
92 Charlie 57 43 27 5 78 24 48 60 21 37 54 40 92 42 41 18 56
81 70 2 33 44 73 68 76 64
28 81 72 64 75 80 58 65 85 90 40 20 93 87 38 81 15 50 50
57 37 3 39 49 Tracy 55 4 87 84 50
37 33 32 35 33 9 24
49 7 12 63 52 74 59
8 12 1 52 59 2
6 48 2 47 9
73 35 71 78 54 51 44 9 19 64 42 56 Jialu 85 28 40 19 11
26 34 38 32 71 63 34 17 63 72 22 81 0 7 41 13 92
53 21 23 56 67 82 28 61 72 45 82 36 85 49
37 92 77 69 72 11 Jialu Jialu 42 67 78 58 84 40 58 91 72 39 36
69 61 12 29 7 35 28
41 91 4 43 23 73 37 32 37 58 54 19 20 44 13 94 21 68 11 19
7 Jialu 84 47 8 Jialu 18 34 9 19 82 67 3 31 36
36 14 34 58 20 8 58 21
87 2 24 94 27 0 21 65 59 Jialu 68 30 78
87 91 26 69 41 2 31 66 24 76 23 57
81 10 24 57 22 28 42 25 90 Tracy 66 40 12 88 62 24 2 39
28 77 85 43 14 Jialu 65 9 11 11
92 36 29 82 51 64 91 66 94 51 88 83 Jialu 13 30 81 19 39
63 35 63 42 1 46 39 11 7 39 8 51 34 8 11 64 94 41 62
14 71 1 82 4 85 83 49 77
哭 85 Jialu 91 哭 10 33 29 Tracy 17 62 54
71 77 47 55 57 87 47 92 69 笑 92 87 14 29 55 67 14 29 36
75 56 20 32 85 51 1 91 66
39 21 16 3 0 31 52 33 47 Charlie 39 26
73 42 24 63 84 4 4 51 哭 15 36 79 62
87 14 23 79 34 72 45 48 15 78 25
74 9 22 89 48 Jialu 10 5 70 87
70 41 23 Jialu 哭 51 89 64 70 42 35 0 52 2
6 66 4 54 60 11 哭 18 91 8 39 82 50 71 84 55 87 62 73
25 10 60 77 92 50 44 5 8
85 10 60 24 44 17 3 58 13 46 57 25 68 31 78 35
65 84 76 46 2 56 74 59 76 4 37
29 36 79 61 5 23 89 43 55 Charlie 24 41 63
8 78 74 27 28
31 94 67 91 45 哭 48 46 82 45 5 70 83 91 57 84
76 49 0 55 21 43
20 64 85 32 1 23 86 70 24 6 65 79 92 17 17 52 41
47 52 22 43 91 34 19 36 23 0 46 51 21
78 61 92 64 35 65 67 68
38 2 62 72 32 28 20 76 32 92 28 22 82 30 75
20 20 74 70 52 43 Jialu 33 35 78 7
79 91 57 15 56 笑 47 7 43 83 36 0 78 52 52 5
81 10 16 12 8 66 23 82 70 71 77
47 92 65 33 27 66 3 62 27
34 21 49 81 28 80 79 60 Tracy 56 35 42
82 36 90 86 6 16 53 35 89 22 43 1 Jialu 73 94 7 4
65 38 8 31 哭 80 72 92 58 83 88 27 47 11 23 33 8
85 Tracy 9 41 66 55 67 笑 笑 0
91 44 23 29 63 88 71 66 56 24 61 70 7 53 37 43 24
27 65 19 88 54 49 46 38 Jialu
88 60 78 45 42 45
74 15 38 64 71 26 49 34 18 2 23 94
23 14 44 81 91 12 67 51 27 66 68 82 42
73 59 10 39 81 75 2 93
84 84 94 24 Jialu 56
92 84 49 15 61
笑 59 26 61 65
81 80 28 5 21 48 79 61 85 45 85 12 Charlie 84 65 39 73 34 20
0 89 71 13 1
5 36 57 57 60 37 77 53
4 55 22 Jialu 37 30 哭 66 Jialu
73 79 93 9 29 50 60 83 76 46 77 23 23 83 82 56 51
39 66 42 58 80 38 14 58 82 53 Tracy 15 0 27 91 60
79 76 82 33 18 75 85 29 59 38 82 51 39 11 64 45
2 2 29 67 37 66 32 44 70 13 57 59
3 32 66 63 35
哭 71 34 55 7
56 63 30 26 88 3 67 84 47 59 78 30 59 38 27 90 51 81 44
66 21 64 40 16 Charlie 90
93 39 74 80 7 57 Jialu 67 20 52 44 80 46 81 7 91 27 52
31 10 哭 57 36 72 60 36 35 79
52 91 69 9 6 哭 61 48 23 84 36 53 84 69 12 54
25 16 43 32 42 47 49 0
10 59 22 89 笑
24 62 84 37 68 72 3 65 38 21 66 54 40 9 14 53
91 3 0 17 92 22 31 69 47 1 51 90 37
53 22 笑 91 77 3 46 39 49 36 35 Tracy 10 55
33 87 64 26 6 92
77 21 62 40 14 75 66 44 21 21
43 79 12 36 Charlie 61 Jialu
84 70 59 70 83 48 23 64 19 51 89 0 40 6 44 0 32 22 73 49
90 70 31 90 哭 71 84 34 38 89 33 92 6 76 57 12 笑 75 69 35
10 Charlie 54 93 40 82 63 51 30 29 Tracy Charlie
65 81 52 哭 18 67 59
23 75 28 75 71 25 0 8 90 71 12 83 37 11 48 66 23
Charlie 2 6 57 62 26 77 21 90
49 80 29 51 67 75 58 38 40 16 24 65 59 33 78 31
43 1 86 77 50 87 12 93
Jialu 35 Charlie 0 84 59 77 42 4 68 19 86 35 73 72 Jialu 27 92 64 77
0 39 86 67 94 3 51 42 59 32 91 91 16
72 77 48 26 21 46 50 40 77 72 63 88
88 39 70 13 64 68 3
19 5 13 Charlie 68 44 40 92 39 73 Tracy 53 93 1 23 78
65 42 57 15 40 77 Charlie 86
69 27 1 1 26 34 23 0 74 8 9 58 57 70 76 26 8
54 80 88 50 75 72 2 78 16 43 92 笑 84 41 73 11
15 84 26 54 0 75 50 75 Tracy 60 81 20 19 30 37
52 Tracy 49 43 14 35 5 35 64 92 88 52 87
44 32 5 41 24 81 45 21 Tracy 76 5 8 29 31 85 68 71 87 85
35 Tracy 62 90 15 74 32 79 37 37 56 14 88 44 63 94 11 55
78 73 33 9 91 Tracy 笑 62 75 70 40 37
75 56 63 78 66 72 51 66 59 63 75 24 80 54 77 57 62 17 18
15 31 5 21 65 53 89 29 26 72 86
7 30 65 18 22 26 19 28 9 8 63 83 20 3 25
89 56 89 84 36 89 36 94 62 92 48 62 68 3 55 88 78 0 29
11 86 59 1 4 38 40 30 笑 22
6 5 49 62 19 48 43 40 52 53
7 82 34 80 63
31 68 43 73 49 92 12 38
94 32 Charlie 52 42 41 65 57 60
0 77 87 Jialu 87 88 Charlie 10
62 60 90 21 39 Tracy 65 21 77 49 8 24 29 62 41
16 63 48 68 56 29 78 84 33 52 23 75
54 3 66 13 15 53 53 67 17 9
78 18 28 17 19 84 70 68 67 35 52 52 64 46 笑 44 24 12 19
86 83 90 6 90 50
33 68 39 42 40 38 67 52 34 92 84 72 38 63
70 46 29 46 72 4 哭 74 47 38
16 30 70 69 1 51 80 72 39 15 20 11 92 Jialu 66 2 36 44 6
8 37 Jialu 77 40 70 86 40 68
87 51 3 19 66 76 62 24 93 2 90 52
18 9 22 41 45
75 52 56 9 1 64 13 62 Charlie
哭 56 72 65 53 笑 18 91 19 37 29 62 90 90 51 76 70 25 26 8
49 55 0 64 81 60 59 51 60 88 笑 39 2 93
29 75 36 38 70 85 28 55 Tracy 13 92 10 50 44 53 38
0 67 90 37 72 77 84 31 68 71 38 54 31 22 Charlie 46 22
92 76 笑 Tracy 42 54 49 9 Tracy 48 28 6 93 87 64 33 65
56 笑 55 31 89 46 55 30 80 37 8 10 28 17 86 31 63
81 53 37 9 70 58 49 33 69 13 Tracy 10 94 43 61
Charlie 51 69 84 21 77 7 58 29 Tracy 5 55 29 83 94 81 40
7 89 19 60 86 24 6 14 10 84 33 24 47
75 40 10 17 22 76 64 58 32 54 74 22 30 61 83 23 23 45 哭
39 17 38 74 54 Jialu 0 53 51
62 34 36 10 Jialu 17 笑 66 49
55 26 55 66 54 39 64 28 32 63 67 37 33 84 67 59
66 41 60 69 24 71 2 84 笑 4 64 36 86 25 50 29
85 15 32 70 82 2 55 56 32 7 71 49 42
27 53 27 13 48 79 25
30 59 33 94 21 18 24 65 34 77 10 53 14 Charlie 13
37 18 87 36 42 16 77 89 33 13 14 14 56 70
68 Charlie 10 75 65 34 91 90 29 1 67 75 5
92 92 54 32 38 80 86 72 72 12 3 35 6 55 2 68 61
0 37 51 48 14 25 45 84 75 93
93 26 66 79 40 19 22 26 58 9 15 84 25 32 51 88
33 44 43 59 12 1 0 67 10 46 2 34 81
43 23 18 29 40 26 42 19 18 3 31 1
20 16 50 38 75 47 35 55 哭 74 61 12 47 72 46 72
64 38 66 62 38 6 89 Jialu 88 74 50 26 33 55 8 92 35 65 92
48 18 20 89 78 28 83
64 57 27 19 94 94 45 37 7 89 89 27 91 72
63 13 42 3 74 22 35 51 9 6 13 哭 27 94 9 58 62
Jialu 46 10 21 41 26 3 36 4 21 5 74 74 80 42
22 15 85 37 Tracy 59 10 Charlie 52 笑 9
68 94 67 83 哭 4 34
89 3 22 42 89 80 88 66 43 23 笑 Jialu 52 90 68 75 55 39 79
41 80 53 4 80 15 68 50 52 6 24 24 7 Tracy
27 7 70 91 73 50 14 19 29 50 6 48
45 73 40 76 34 26 87 13 94 1 43 33 41
35 82 82 30 73 70 21 Jialu 58 64 30 81 55 70 60 54 85
13 Tracy 53 11 40 13 48 52 71 3 8 Charlie
65 34 15 31 81 73 14 15 Tracy 48
26 50 75 17 16 49
70 哭 24 0 47 39
72 76 90 46 22 63 64 80 31 83 5 52 17 63 15 44 44 82 7 3
15 13 23 94 91 22 89 81 43 18 77 45 11 59 38 77 48 27
0 84 31 31 27 53
55 33 85 88 61 55 32 44 71 33 6 75 61 Charlie 0 22 51 60 18 Jialu
9 Charlie 笑 33 Jialu 77 68 32 71 Jialu
47 93 笑 93 27 22 51 9 5
51 28 21 49 53 0 58 10 91 12 53 36 68 89 53 14 15 43 44 27
54 4 70 6 65 17 39 86
54 12 74 49 40 47 84
80 94 9 48 91 84 13 58 27
笑 88 93 5 59 32 58 86 笑 48 25 51 92 21 39 66 60
10 笑 36 51 70 76 87 64 84
42 74 39 85 笑 0 93 93 58 53
39 31 81 20 16 68 87
59 24 58 2 56 6
55 77 48 67 74 30 85 85 77 78 14
2 7 28 Tracy 68 59 24 28 10 75 29 12 72 69 27
56 27 64 18 59 38 14
8 33 94 38 39 2 31 72 58 87 86 54 23 哭 16 28
73 68 39 69 38 10 92 54 79 43 31 52 25 37
59 52 7 73 21 15 81 56 24 92 哭 18 79 6 61 46 68 61 72 54
57 27 24 57 77 69
88 70 94 15 1 83 75 45 82 72
21 74 73 50 52 83 5 38 10 41 67 94 5 53 64 86 21
39 53 84 Tracy 47 12 31 23 4 25 65 48 27
33 85 11 5 27 88 20 80 43
62 83 51 9 87
11 0 16 21 30 33 27 13 23 69 29 33 60 47 16 83 53 39
76 Jialu 21 82 17 72
32 6 92 78 3 12
89 60 92 28 91
37 18 82 29 27 28 60 67 42 11 15 77 6 10 39 80 43
81 88 76 20 3 33 60 72 17 90 0 12 17
75 63 58 29 63 3 90 60 84 10 86 53 22 8 4 Tracy 75 84 哭
34 2 61 46 53 80 29 21 32 92
91 16 10 1 28 10
91 27 35 44 84 57 60 92 84 90 0 29 0 86 94 30
65 34 64 14 2 0 4 46 53 15 2 81 94 16 44 34
14 8 27 15 63 86 73 43 75 72 32
19 44 4 28 35 44 86 1 9 79 6 65 18 91 94 45 84
6 Jialu 12 Tracy 88 66 93 85 29 12 2 66 19 94 37 3 23
0 19 69 5 92 53 3 56 75 38 31 57 33 51 56 14 49
33 39 85 7 28 93 86
43 84 89 64 64 89 75 89 67 90 56 36 10 5 48 4 72 51 62 59
12 68 17 14 94 41 47 31
77 6 79 15 42 17 85 5 63 87 17 10 3 1 46 23 11 11 24 70
91 18 59 Tracy 7 6 13 71 46 Tracy 60 笑 51 66 19 27 39 笑 64 6
16 18 78 6 94 28 18 41 Jialu 51 6 50 44 75 52 44 哭 3 61
2 52 80 32 9 59 24 42 50 92
33 37 73 87 2 39 29 82
84 58 92 21 94 49 77 82 66 42 64 笑 笑 71
23 72 31 37 71
41 75 26 79 74 15 80 82 69 38
92 61 4 13 59 37
5 88 71 4 69 72 46 46
90 5 94 49 32 86 44 69 44 67 94
21 24 78 50 6 Charlie 17 93 56 90 86 47 10 4 83 3 41
7 9 哭 66 52 6 15 73 21 33 87 81 17 84 83 7 9 70 34 42
45 87 57 12 69 32 19 56 86 40 33 35 73 31 94 94
78 56 62 35 54 8 40 94 23 41 85 11
5 30 25 85 笑 3 11 61 16 56 39 11 53 85 23 8 22 49 47
62 63 24 49 7 79 6 16 62 68 52 5 78 21 63 15 91 5 16
92 22 92 53 34 93
Tracy 10 19 51 93 38 24 51 20 63 64 20 27 58 85 69 38 58 38 1
62 Tracy 73 90 5 9 21 83 45 1 68 51 82
27 63 86 31 29 37 75 33 44 45 82 74 51 49 44 24 13 13
73 63 10 22 72 3 4 15 5 57 Jialu 28 22 51 21
19 68 62 50 Jialu 39 59
78 21 34 31 19 72 40 5 14 36
91 51 82 Jialu 82 25 94 25 83 54 32 Charlie 17 16 44 57 93 63 89
16 83 32 39 47
41 62 31 Tracy 69 70 笑 74 3 31 30 6 笑 82
69 83 Charlie 4 87 40 2 55 24 53 32 92 88 91 36 笑 90
46 Jialu 82 84 44
38 86 53 36 87 91 笑 89 18 77
57 20 15 39 74 48 66 13 41 64 10 18 84 47 88 71 28 78 73 93
32 73 20 57 58 48 Jialu 36 36 74 19 15
86 23 32 69 94 66 83 93 36 44 笑 9 55 44 87 49 0 笑 10
51 45 5 8 66 48 7 90 42 36 48 14
19 78 32 90 8 92 57 86 84 Tracy 60 92 49 79 86 79 89
28 Tracy 24 75 75 61 34 34 82 15 79 82 Tracy
33 31 54 22 50 33 78 45
23 31 79 70 30 55 73 73 69 72 65 58 35 22 78
45 51 26 4 92 48 45 31 70 57 13
37 44 61 60 76 2 3 72 9 9 28 59
58 11 13 49 64 61 93 70 88 76
39 2 86 16 88 44 20 70 69 41 38 78 44
59 35 52 40 Tracy 29
72 9 40 85 87
24 63 93 80 16 58 3 83 12 47 88
39 90 10 52 27 86 80 5 54 46 8 31 8 6 89 0 92 Charlie 58
14 20 35 20 33 89 10 27 5 Charlie 14 34 83 8 3
12 5 90 23 90
82 30 24 33 Charlie 85 3 82 31 84 75
10 68 16 34 81 37 39 68 80 1
56 Charlie 8 62 Charlie 80 41 22 20 52 6 51 3 32 36 18 66 54 66 49
37 78 48 67 59 22 93
77 48 63 65 79 90 27 28 31 78 72 7 58 63 82 60
64 12 56 21 79 82 Charlie 72 75 41 20 0 84 86 29 57 30 43
78 35 笑 22 41 74 2 83 39 1 73 5 49 27 92
33 4 10 8 29 21 16 67 48 40 30
89 34 笑 9 74 15 6 47 72 80 14 哭 65 36 70 76 23
11 34 13 86 80 49 32 61 26 25 80 49
15 42 92 68 40 93 34 64 75 92 45 60 8 68 28 74 16 62 75 88
47 16 7 43 85 Tracy Tracy 74 21 57 65 12 94 77 93 62 20 42 19
63 50 66 37 笑 Charlie 55 79 6 45 8 18 42
46 72 35 20 29 24 18 90 34 Charlie 72 84
72 80 4 65 88 49 55 61 65 79 64 71 93 94 20 31 16 43
40 哭 48 52 44 82 77 19 75 81 89 92 2
54 80 2 64 49 60 2 71 6 92 91
24 83 77 16 17
77 18 78 17 38 70 82 73 81 4 8 59
68 79 44 64 37 Jialu 94 37 50 58 55 77 26
哭 20 87 64 63 91 64 26 42 33 42 46
4 93 49 72 哭 82 3 26 90 76 哭 50 55 38 92 90 40 82 85 57
32 2 7 33 9 72 35 30 86 23 46 85
48 52 32 58 20 22 39 58 28 58 22 72 41 79 23 85
70 70 66 52 53 63 0 71 23 87 61 Tracy 70 46 12 28
22 40 40 42 0 60 73 21 33 72 14 45 32 61 8 67 22 34 67
Jialu 5 21 6 79 3 62 19 37 67
19 2 76 23 64
72 48 84 80 52 72 45 17 9 Charlie 57 38 Jialu 17 62 23 94 91 7
35 41 4 53 88 85 52 5 80 31 17 29 54 65 54 83 41
71 72 6 67 38 16 50 16 63 92 11 0 88 21 94 31 56 81 3
48 38 5 53 9 12 笑 24 43 86 56 笑 35
25 78 Charlie 哭 37 73 89 50 32 58 42
38 66 90 76 60 86 87 9 3 21 3
92 81 68 13 84 74 67
17 45 62 90 70 43 90 15 59
89 71 45 26 73 71 1 22 76 76 10 22 49 65 32 32 48
72 5 50 91 70 41 74 80 23 51 72 76 17 10 2 0 51 86 Tracy
42 84 1 15 60 17 笑 31 53 90 Jialu
46 0 64 73 68 82 89 90 25 10 笑
6 28 11 53 25 26 22 27 24
89 41 3 5 22 85 80 28 31 12 41 13 85 Jialu 54 34 91 59 29 笑
5 2 83 41 28 84 笑 17 63 81 49 37 66 73 73
85 28 62 24 91 34 60 笑 38 56 0 81 2 59 哭 3 20 88 33
92 5 42 哭 89 69 51 40 哭 35 24 笑 45 77 84 29 44 27
笑 68 63 46 55 90 26 32 82 53 64 6 Jialu
69 74 84 61 94 5 26
21 9 57 74 77 18 92 21 71 0 73 84 79 34 37 59 86 45 28
68 70 25 笑 18 87 14 48 36 89 49 18 72 61
92 88 51 52 0
25 46 37 2 79 83 6 66 Jialu 27 5 Tracy 74 13 83 Jialu 71 4
36 48 Tracy 55 37 17 64 17 6 77 65 23 52 Tracy 81 64
71 8 74 85 64 47 31 86 54
哭 61 21 1 94 15 77 35 33 60 68 26 38
56 28 40 12 70 17 36 53 75 51 7 37 25 86
73 17 84 20 64 18 77 59 9 42 40 29 26 42 22 28 84 93 82
87 23 9 36 68 70 33 74 4 9 19 18 58 69 2 20
25 笑 73 69 82 22 17 75 0 33 65 54 69 85 91 20 32 74 51
15 62 8 6 26 46
54 70 Charlie 60 7 18 10
65 59 75 笑 83 84 69 20
93 87 80 13 30 1 66 82 43 94 42
75 22 14 82 30 85 20 81 89 14 71 72 61 82 0 41 79 24
80 39 93 71 笑 61 94 12 6 42 94 44 7 55 61 70
53 56 69 71 74 60 20 19 56
23 17 92 46 5 28 74 34 13 Jialu Jialu
77 1 22 40 19 16 73 Charlie 27 94 42 88 37
66 51 Charlie 90 1 55 44 87
94 62 75 66 84 78 80 54 74 18 93 81 22 53 21 5 18 91
21 67 76 62 72 59 0 77 88 1
65 52 Jialu 58 94 87 69 28 53 81 32 4 92 38 91 Tracy 56 22 82 23
笑 52 5 20 10 78 93 56 36 61 46 93 23 72 1 42 43
67 27 79 46 13 46 Tracy 37 4 46 76 32 哭 3 12 10 19 46
Jialu 8 76 75 74 17 13 Tracy 80 9 15 63
28 47 Jialu 54 74 32 72 29 70 62 83 90 48 32 14
20 41 64 32 26 Charlie 65 51 63 80 47 5
64 90 笑 67 67 25
77 83 Charlie 27 65 21 33 7 78
78 13 Jialu 36 8 69 57 10 43 63 79 20 82 22 28 6 10 14 Charlie
32 77 30 92 15 12 47 85 53 57 32 25 27 19 17 8
22 79 28 47 88 12 33 2 78 44 7 65 73 8 15 49
41 27 61 40 2 8 71 34 91 72 63 92 Tracy 54 7 65 Charlie
14 10 84 68 67 20 45 45 笑 Jialu
79 46 44 83 72 21 1 38 62 78 76 笑 88 81 38 58 72 90 0 71
19 79 64 58 46
72 25 87 18 50 44 4 64 2 9 39 哭 10 56 58 48 78 69 84
13 56 24 65 59 85 88 90
10 49 79 37 哭 67 76 93 61 44 83 52 笑
4 81 81 84 2 69 57 21 74 64 6 59 42 41 16 59 Charlie 哭
91 86 68 76 10 87 29
58 18 74 94 48 55 76 5 7 60 69 11 8 6 61 63 8
21 哭 3 70 61 60 3 16 16 7 27 85
55 92 67 20 11 3 48 91 41 82
38 84 3 8 14 10 32 14 70 28 15 74 40 87 62 Jialu 13 54 2 79
24 89 87 78 31 92 6 18 23 83 52 86
57 25 24 68 83 54 40 77 0
79 27 33 64 19 27 88 Charlie
48 17 55 83 73 60 50 72 63 18 75 38 74 7 74 15 74 77 68
63 笑 51 3 88 11 85 7 17 25 46
6 51 58 13 Jialu 33 61 76 55 62
62 5 41 73 62 84 62 58 52 39
49 43 48 59 85 26 62 74 7 71 94 53 63 79 12 52 18 45
1 81 Jialu 88 9 26 75 6 86 82 26 30 42 38 94 57 39
48 27 26 20 12 20
94 47 59 64 笑 15 57 12 48
80 12 42 72 5 91 42 59 42 51 88 94 70 83 42 Tracy 66
2 38 17 5 25 35 48 Tracy 82 18 35 90
51 52 64 43 56 54 1 31 74 62
哭 36 Jialu 94 23 90 38 62 15 65 17 18 52 53
32 46 63 70 86 35 8 60 65
54 43 58 1 11 53 62 72 70 39 48 20 72 37 71 9
41 38 26 77 4 1 63 59 54 84
5 43 22 62 81 56 39 38 21 4 71 50 81 77 66 94
46 41 80 94 43 79 56 4 19 84 58 60 54 8
89 62 Jialu 30 87 29 10 51 66 42 79 23
76 7 63 17 53 71 14 82 28 15 10 15 79 65 62 87 20 20 47
29 32 16 21 75
11 7 85 27 94 8 91 90 69 59 34 52
87 60 30 75 75 11 49 哭
笑 42 43 23 84 59 33 91 52 4 57 29 88 11 34 64 3 89 15
61 12 28 46 56
63 11 88 6 27 90 94 Charlie Jialu 40 58 46 74 45 18 94
58 36 15 77 39 21 35 4 29 82
52 7 45 2 60 52 26 45 61 77 78 24 4 54 70
77 25 17 59 80 81 42 41 65 51 93
28 57 54 39 40 53 85 67 20 90 64 36 0 40 44 42 17 68 26 90
16 50 1 24 9 49 Jialu 79 82 50 90 11 54 29 2 10 3 64 50
80 12 12 18 2 29 29 1 56 15 35 48 12 45
78 47 9 33 84 52 66 37 88 12 17 53 48 笑 27 61 27
4 40 8 53 55 89 63 25 87 60 9
65 3 11 23 70 32 72 58 18 59 54 79 67 37 14 90 46
24 30 64 49 38 哭
34 68 9 3 25 39 33 47 84 93 62 0
43 7 16 50 86 89 58 70 4 17
25 94 28 58 48 59 37 55 5 56 66 24
33 14 13 46 87 60 82
58 6 63 73 76 1 72 31
42 36 哭 90 笑 66 37 76 24 2 13 20 13 笑 4 74 3 57 77 73
41 57 63 70 笑 84 Tracy 1 81 81 哭 60 35
Tracy 20 69 5 32 72 54 54 76 92 41 25 50 28 33 53 82 32
8 Jialu 30 17 54 笑 29 4
29 72 哭 16 81 60 94 23 76 85 15 68 72 21 82
16 45 12 93 4 83 52
24 哭 28 80 6 70 36 37 84 26 59
88 87 14 87 91 20 23 26 69 69
84 6 48 60 51 84 91 71 8 64 71 Jialu 50 71 45
4 6 39 5 94 37 74 80 4 55 8 84
76 7 55 Jialu 20 48 22 91 5 58 51 41
20 9 47 Jialu 22
24 43 31 55 1 78 69 41 40 17 35
笑 37 59 79 73 45 23 69 39 23 Tracy 68 68 75 71 26 21
42 39 69 83 40 59 72 30 13 15 78 89 31
85 64 72 39 7 93 28 24
58 69 Tracy Charlie 94 26 16 17 32 16 39 32
58 92 77 89 58 18 58 65 67 62 31 45 71
哭 27 8 0 26 66 36 48 45 23 17
1 41 84 64 Charlie 33
83 81 77 40 83 77 3 43 44 13 90 77 76 82 24
1 7 11 82 6 73 40 78 94 63 70 31 36 47 63 73 94 76 23 50
55 69 70 51 28 5 51 哭 69 11 笑 13 26 32 34
59 26 16 9 14 7 56 2 83 10 74 80
2 49 Tracy 61 87
48 83 33 78 33 39
6 65 17 11 89 52 10 15
18 56 55 47 73 9 52 62 34 76 18 7 0 65
63 33 Tracy 82 49 23 29 46 91 23 85 50 0 31 4 61 41 36 2 16
49 11 34 64 22 79 38
73 26 90 51 6 47 52 笑 22 60 22 4 67 46 71 44
31 22 51 66 23 73 81 54 3 76 58 45
13 15 3 18 55 78 29 Tracy 2 32 68 41 11
60 9 86 92 26 61 78 10 71 Charlie 63 哭 24 48 35
22 84 90 73 哭 80
57 60 6 93 6 8 11 28 22 14 9 31
3 76 Charlie 28 8 76 78 11 Charlie 47 81 12 82 73 80 93 81 13
51 5 52 21 24 91 55 62 0 77 4 77 20 49 35
92 36 27 16 63 47 1 78 75 12 84
47 28 78 44 21 10 0 52 93 33 78 60 34
58 79 20 54 88 笑 91 笑 21 60 76 63 84
5 77 52 90 66 87 14 90 24 27 8 66 46 81 44 40 25 13 53 59
79 5 5 80 65 87 62 50 37 3 Jialu 44 49 63 33 28 11 60 7
25 0 23 4 14 10 1 49 8 68 82
47 41 12 78 13 38 Jialu 3 92 15
18 笑 37 4 7 84 40 71 13 45 58 2 75
25 84 44 49 88 2 6 67 51 13 33 55 88
Tracy 86 10 56 3
27 50 59 33 66 2 51
26 75 9 39 16 25 44 Tracy 3 38
44 15 59 6 35 63 7 8 46 67 79 29 29 20 56 34 36
72 72 45 3 0 84 85 93 8 12 Jialu 5 27 36 68
39 92 79 15 18 94 46
9 16 36 87 65 42 哭 41 53 Jialu 16 57 Tracy 2 54 33
61 哭 22 28 47 1 11 68 34 4 39 41 59 22 67 4 93 28
44 85 33 3 18 76 29 75 39 34 52 18 35 14 44
56 Tracy 46 3 88 44 42 79 70 44 94 69 38 60 65 32 39 27
12 62 19 50 7 59 16
6 79 89 38 31 50 51 25 73 91 10 77 Jialu 91 17 11
71 6 15 75 13
Tracy 72 7 56 76 18 73 13 2 54 72 58 38 43 51 67 62 25 50
5 90 Jialu 51 Charlie 33 58 63 64 88 65 85 5 1 92 35 23
51 71 84 52 82 70 88 65 55 43 60 29 33 24 43 61
3 12 44 15 哭 42 30 86 88 92 20 9
51 27 85 61 12 48 18 28 61 75 87 25 54 49 20 60 笑 55 43 21
74 41 88 20 88 27 53 81 58 54 69 哭 4
48 1 7 18 70 92 29 77 48 66 69 66 60 55 22 62 11 69 58
75 85 69 26 45 79 78 8 51 41 89 38 49 15 41 32
87 42 22 65 83 73
69 35 11 40 89 48 6 20 61 34 86 57 71
32 55 19 40 Charlie 59 34 5 32 72 61 70 53 51 40 44 17 78 哭 3
93 15 Tracy 66 82 Tracy 74 36 Jialu 90 40 Jialu 7 69
75 16 27 88 24 52 39 68 45
50 17 10 55 63 Tracy 76 15 60 17 25 21 44 26 60 5 66 Charlie
86 83 87 85 27 28 34 20 79 53 72
笑 37 4 60 78 28 94 92
74 18 70 50 77 47 69 50 19 46 62 34 68 32 79 41 43 32 94
72 67 30 18 14 92 23 20 67 66 29 2 6 66 69
Charlie 84 49 35 58 12 64 67
13 71 45 37 47 Tracy 93 笑 11 14 Tracy
93 84 18 54 67 23 37 7 55 15 28 84 9 21 26 58 35 90
1 75 13 23 63 63 50 32 66 11
9 14 10 31 3 85 60 73 0 41 38 5 21 42
39 74 8 Tracy 3 1 77 80 32 9 66 79
83 26 31 67 65 56 60 94 58 58 83 3 88 Jialu 70 90 30 51 79 88
18 17 16 50 84 48 31
5 28 73 10 18 67
39 87 8 36 72 26 39 13 0 67 67 87 26 93 31 42 56 70
24 33 10 87 46
34 38 77 57 61 20 93 46 Tracy 88 27 18 51 62 39
72 71 85 5 37 32
94 22 76 34 53 84 哭 25 5 38 80 85 60 70 6 39 38
42 21 42 58 20 81 27 92
笑 笑 20 11 26 16 82 22 64 27 74 5 59 62 83 32 0
15 57 74 20 67 43 44 21 90 6 54 31 11 77
47 15 92 58 55 49 87 57 27 82 19 37 76 55 63 22 42 79 88
13 66 92 17 61 79 88 29 89 87 笑 43 67
93 91 18 20 57 笑 笑 53 Tracy 21 4 34 37 81 9 73 18
12 笑 60 77 78 53 28 13
13 56 1 1 15 11 48 55 59 87 25 52 笑 47 94 43
55 32 70 Tracy 62 6 7 47 72 93 17 40 84 34 15 57 Tracy 18 48 32
88 18 91 34 10 4 79 94 52 Jialu 52 48 78 88
91 80 31 1 7 56 12 1 80 31 85 51 36 笑 21 85 59 73 46 25
94 74 94 90 46
41 85 25 35 23 笑 5 Jialu 61 88 41 Charlie
22 77 80 88 79 55 35 58 25 94 4 31
89 76 55 1 2 3 21 53 25 73 14 26 2 27 25 88 2 21
19 77 35 18 66 62 Tracy 35 24 67 4 Charlie
31 36 92 66 87 41 81
19 2 28 75 63 68 36 7 51 81 40 24 70
14 2 46 15 Charlie 37 37 34 78 17 88 13 27 26 20 26 79 4
81 6 58 14 2 57 3 37 70 60
14 14 27 93 77 78 74 63 33 32 46 29 35 16 48 22 Tracy 37
85 79 78 19 71 59 24 50 20 75 64 42 65 79 46 75 46 36 92
76 56 哭 1 77 33 79 8
46 90 76 41 21 86 49 84 5 54 13 6 84 60 0 79 18 65 2
84 40 75 27 32 23 1 47 9 68 23 66 83 74 92 81
91 70 35 8 94 8 87 74 89 34 90 21 4 69 80
Charlie 50 24 31 44 40 7 8 9 30
66 17 50 3 76 13 91 72 85
46 37 90 83 35
哭 65 70 1 48 74 67 18 80 53 94 82 84 10 90 49
35 70 39 12 54 14 92 1 43 72 72 84 50 25 Jialu 41 34
哭 30 75 5 2 37 64 84 12 14 20 49 26 3 91 90
80 67 56 10 67 80 30 8 67 14 11 84 43 64 2 94 18 46
82 57 32 19 32 24 14 43 85 75 32
77 27 85 51 46 75 59 哭
29 11 68 49 0 41 哭 3 45 43 9
93 32 92 21 55 18 37 25
19 90 21 0 24 12 哭 5 74 31 84
50 2 52 49 94 50 48 78 90 23 94
11 46 73 12 58 25 59 28 44 8 94 51 14
16 68 64 89 55 23 28 10 78 50 60 笑 65 32 11 51 81 59
90 91 58 Tracy 77 62 50 67 7 1 31 49 69 1 26 43 52 48 34 24
21 57 25 11 17 66 62 59 93 79 68 17 24 13 80 Tracy 65 41 Tracy 88
83 42 54 80 87 57 78 27 45 62 81 41 89 70
81 69 48 13 哭 33 6 84 31 76 22 73 92 93 59 49 70 64 Tracy 74
88 44 87 86 86 24 44 Tracy 86
28 85 56 48 25
53 59 35 30 71 33 85
34 39 59 90 47 54 Tracy 43 87 7 72 69 57 83 49 23 93 81 53
8 16 哭 37 37 67 89 55 34 61 34 55 48 61 31 80 4 38 86 69
21 6 23 67 40
68 62 哭 61 82 55 51 12 37 47 31 78 61 78 哭 71 62 88
笑 84 Tracy 51 33 75 32
6 19 14 78 37 40 11 67 50 Tracy 54 笑 17
84 6 87 49 90 73 0 54 19 91 16 21 60 46 53 66
51 74 63 24 84 10 19 9 59 61 64 20
48 47 72 49 36 12 Charlie 48 49 57 Charlie 10 28 80 41 Charlie 18 35 55
76 71 8 44 59 57 65 70 76 36 11 哭 17 6 78 66 2 6 22
86 51 24 5 83 23 15 78 8 28 33 19 84
67 65 Jialu 58 14 51 85 68 12 51 35 75 63 49 64 67 92 17 93 15
62 49 4 24 21 6 88 25 73 47 Tracy 66 18 69 67 6
8 71 4 47 77 69 9 65 65 61 5 1
14 37 33 79 7 25 7 85 6 88
68 Charlie 21 31 12 0 61 44 笑 75 63
52 87 42 15 61 22 1 49 21 85 77 85 36 52 31 13
11 87 0 37 73 15 69 87 62 26
22 68 12 60 82 Jialu 21 12 72 56 41 5
75 52 51 48 87 30 5 49 91 32 45
27 35 2 89 87 48 46 36 79 47 5 48 33 69
87 32 58 89 70 72 83 25 87 50 35 12 56 18 Charlie 11 84 76 15 9
笑 92 52 5 49 84 38 92 26 36 60 84 64 51 36 12 41 65
60 27 37 18 33 74 87 67 37 Tracy 哭 77
82 10 43 10 78 79 84 30 90 28 13
92 74 89 39 23 39 70 46 15 9 33 笑 87 68
53 44 50 27 71 71 87 13 36 92 94 59 51 75 37 44 5 83 13 93
59 22 69 62 1 4 47 45 Jialu 69 73
Tracy 笑 39 26 12 56 76 Tracy 62 68 2 7
90 49 80 8 4 39 46 66 92 12 75 80 64 29 1
60 92 59 52 41 32 71 36
44 13 16 Tracy 30 91 20
2 51 3 78 75 58 3 27 33 23 34 57 14 20 25 笑 70 9 89
84 21 40 51 2
56 90 8 66 70
25 14 48 77 27 86 74 68 13 89 78 88 86 38 58 31 81 21
30 71 87 17 56 17 19 58 Charlie 8 90 81
24 47 哭 15 19 11 77 22 17 Jialu 84 80
笑 3 57 78 23 26 77 94 57 29 17
0 51 10 34 43 41 57
67 93 92 91 29 26 2
74 84 76 85 94 64 53 92 56 62
62 70 11 Tracy 13 67 94 87 31 2 8 Jialu 50 31 39 46
79 86 74 80 37 37 16 93 7 92 Charlie 76 30
89 67 40 3 Jialu 78 41 63 59 73 9 哭 8 79 67 Jialu
72 28 37 61 71
26 90 48 56 笑 41 41 38 22 笑 65
Tracy 59 49 22 47 Tracy 71 75 49 36
50 28 61 90 23 59 12 18 29 89 83 8 18 53 14 5 41 Charlie
25 16 哭 34 60 41 64 85
4 Charlie 63 20 6 68 47 27
2 71 76 75 18 66 15 Tracy 45 42 55 46 49 87 56 22
9 86 24 82 34 6 87 2 92 18 90 88
27 18 36 11 Tracy 90 31 59 79 59
1 78 48 54 14 77 43 43 63 53 35
80 33 20 84 33 93 24 39 13 86 72 41 3 47 42 87 4 44 Tracy
86 18 55 10 23 53 41
18 93 62 62 80 22 30 76 12 75 47 31 86 23 Jialu
10 86 25 58 Charlie 3 Tracy 8 7 81 21 19 86 36 82 29 54
58 20 13 2 77 30 10
10 3 Jialu 36 61 4 37 38 80 38 78 61 8 32 7 24 9 61 56
44 6 10 5 70 35 57 47 72 哭 14 43 49 45 9 90 88
47 13 59 Tracy 26 47 85 72 81 43
1 44 笑 6 64 88 42 51 17 34 32 17 71 56
75 6 90 42 57 31 80 30 66 73 31 56 36 65 69 49 49 83 1 66
笑 90 66 46 38 80 27 20 19 11 16 93 30
83 37 64 33 16 64 22 66 44 89 39 65 56 61 49 15 6 79 53
74 28 13 37 53 80 23 70 38 57 49 55 83 75 17 47 89 9
66 62 2 66 48 55 84 70 67 34 62 49 33 52 37 16 28 60 54
64 53 52 45 49
88 32 62 81 61
49 84 43 15 70
58 78 56 53 58 24 62 63 40 47 11 72
85 48 45 39 60 50 14 81 75 1 73 79 53 15
88 75 53 4 60 26 89
91 46 38 76 58 10 53 45 16 28 17 78 84 39 74
75 34 48 81 33 46 85
73 41 31 43 52 77 0
59 30 63 53 48 81 18 78 53 30 91 75 59 75
2 25 75 8 36 42 82 70
21 90 19 28 46 25 10 39 22 44 Tracy 92 88 27 9 80 33 62 7 64
59 22 29 35 32 22
34 92 48 53 65 89 20 44 45 35 66 60 哭 53
83 27 41 66 8 19 90 80 26 0 36 21 14 5 4 18
32 49 11 71 3 70 70 8 13 52 9 6 哭 44 23 92
9 Charlie 70 38 82
1 2 88 62 71 37 67 笑
79 29 75 70 22
36 33 7 88 37 75 57 56 Tracy 72
28 73 83 17 68 72 笑 46 73 15 26 50 76
79 10 68 11 3 30 45 4 51 哭 92 84
65 13 1 43 49 52 73 35
4 62 63 61 58 22 17 43 72 18 13 66 Tracy 23 42 哭 82 90
76 86 48 24 7 65 27 84 92 12
46 92 1 24 64 40 1 89
18 29 26 71 Charlie 44 85 13 44 12 49 12 77 66 62 24
34 87 56 92 70 93 60 58 19 4 77
78 14 56 1 86 71 47 80 37 93 92 39 87 24 44 78
94 58 10 71 5 90 61 5 76 93 52 笑 27
7 33 75 笑 3 15 40 24 57
81 49 36 1 87 3 73 15 50 45 7 56
20 19 94 87 92 75 23 70
41 37 76 84 78 67 34 17 27 17 1 49 90 91 59 92 15 11
7 28 42 7 73 37 0 36 93 32 61 16 笑 51 27 Tracy 94
8 7 91 24 78 10 57 63 25 68 49 90 Jialu 43 59 35 19 13
33 31 10 31 34 80 86 22 92 66 哭 19 66 5 85
22 14 93 38 18 70 24 57 48
18 65 77 哭 24 16
36 82 30 65 44 23 82 10
81 19 16 71 8 22 30 60 73 87
25 93 46 0 38 Jialu 86 41
18 91 86 54 21 52 2 26 48 19 68 74 75 63 66 42 60 30
26 33 0 91 93 52 81 92 41 90 5 67 38 8 79 2
16 91 59 92 10 19 71 37
86 84 33 20 74 17 65 57 32 29 53 88 68 1 91 27 12 71
3 87 16 8 1 9 22 83 5 56 64 42 35 17 19 59 哭 3 69
82 92 73 1 69 90 33 92 14 76 28 36 45
56 23 83 50 69
81 17 67 34 66 9
27 63 17 79 46 55 45 33 75 59 85 18 7
16 7 64 笑 23 29 33 45 61 28 57 25 83 73 55 81 86 80 61
52 Tracy 62 50 46 83 69 68 85 47 60 82
55 48 32 82 3 80 哭 30
47 39 24 9 28 20 77 笑 14 60 19 51 90 69 88 17 36
28 11 57 58 16 74 12 Charlie 10 60 54 82 81 37 20 89 28 46
83 14 78 71 Jialu 39 18 46 84 哭 67 34 29 62
36 72 78 72 22 0 94
18 10 46 59 93 49 73 52 49 1 8 62 67
57 14 38 笑 59
83 8 15 8 31 79 66 44 28 55 12 56 80 8 56
73 8 60 92 37
70 64 39 34 82 72 哭 31 18 83 81 38 哭 79 Charlie
9 53 83 11 60 29 37 18 84 5 75
52 笑 18 10 25 91 62 94 0 7
91 20 19 72 78 50 71
67 37 9 77 20 83 18 83 37 70 41 72 19 32 91
65 85 58 20 31 11 54 43 51 1 16 24 73 64 12 13 61 78 38
43 57 73 62 25 87 56 61 80 67 25
67 12 92 72 71 58 63 63 57 56 65 2 42 78 20 51 76 76
47 70 85 69 64 46 63
2 11 6 32 75 20 70 24 21 65 73 78 19 59 30 81 25 80 31
33 63 73 62 46 90 3 5 34 47 14 18 66 32
20 44 7 52 33 47 81 93
31 34 48 77 65 5 51 34 74 90 64 60 0 67 69 26 8 5 Tracy
87 93 64 39 55 43 8 48 11 89 57 12 16 42 43 92 83
75 哭 56 哭 5 89 74 47 3 17 92 71 26
66 22 88 76 94 61 77 52
11 17 49 39 8 24
44 2 92 68 60 44
55 73 28 14 68 20 22 10 76 0 60 58
40 69 笑 笑 24 71 Jialu 81 58 88 3 82 85 18
29 26 63 Tracy 79 37 24 45 33 1 52 68
83 8 89 91 72 45 11 21 29
32 91 87 71 3 38 5 66 48 94
86 33 57 48 63 哭 53 49 10 16 39 72 27 14
39 74 83 59 52 23 54 58 50 7 84 52 44 75 15
38 23 哭 27 0
51 47 86 30 20 37 78 48
56 6 72 19 59 31 75 15 6 41 57
32 43 77 65 37 16 58 84 78 7 84 10 91 80 41 66 13 37 84
26 17 50 77 73 Charlie 74 22 85 89 29 48 1 9 92 68 81 36 47 Charlie
32 40 59 5 65 85 58
2 哭 64 60 Jialu 51 57 79 57
14 34 31 80 15 31 25 83 Tracy 53 57 41 89 29 39 45 24
87 62 85 74 79
39 93 79 77 15 68 85 37 83 50 90 3 32 81 12 6 41 17 55
41 24 5 47 2 3 Charlie 22 72 83 68 4 35 58 93 74 73 79 92 48
57 52 43 58 72 20 56 0 30 2 Tracy Jialu 76 10 17
49 77 71 57 9 44 9 47 60 68 33 61
75 35 70 4 60 42 21
11 69 84 63 65 70
44 0 63 86 16 77 80
6 88 46 13 41 69 3 49 48 84 92 89 56 37 83 67 39 6 Tracy
85 Jialu 22 37 33 31 61
60 58 8 Tracy 94 69 68 36 18 47 22 34 49 54
50 77 45 67 29 48 79 34 68 37 63 39
40 27 51 11 笑 12
94 63 42 76 38 87 29 38 44 71
41 59 Charlie 31 37 62 52 36 77 93 84 84 80 79 6 18 8
87 45 Tracy 63 19
69 18 30 48 77 11
Charlie 82 71 6 20 73 26 93 56
4 8 30 86 75 66 81 47 23 87 32 93 39 10
11 哭 14 53 4 59 39 64 70 56 7 62 89 34 5 82 6 Jialu 61 13
30 67 19 10 7 29
72 22 77 28 55
4 7 62 43 76
59 54 13 43 40 29 68 37 43 41 18 21 71 Charlie 81 93 16
86 57 73 73 56 26 83
49 36 91 22 49 61 55 8 60 9 73 79 Charlie 40 71 86 59
86 40 62 46 37 62 44 32 22 47 23
80 33 8 69 77 60 24 79 41 78 28
24 61 17 85 17 31 82 30 61 88
50 37 48 48 63 34 81 94 60 14 笑
28 30 14 48 74 Charlie 37 94 10 11 27 32 9 20 64 24 90 64
60 36 哭 2 76 58 85 54 86 30 31 47 16 44 29 87 笑 75 23 26
78 3 68 34 79 59 7 75 0 16 17 54
2 78 32 42 哭 54 44 69 27 41 68 31 41 44 47
13 71 10 85 60 Charlie 57 61 66 18
54 33 91 73 68 78 16 55 84 29 46 93 43 21 49 72
93 65 26 6 33 52 14 12 26 21 90 2 84 36 90 65 Tracy Tracy 57 79
29 20 87 哭 69
19 哭 34 21 40 42 80 94 52 31 72 Charlie 42 52 61
54 哭 16 31 4 66 16 87 50
9 16 31 82 48 48 89 88
93 21 11 43 81 60 14 8 27 12 60 42 2 53 46 88 8 89
85 15 29 76 41 88 24 0 93 53
6 87 88 46 26 57 29 31 75 31 90 25 45 2 47 69 11 48 23
哭 62 37 10 63 哭
59 23 20 8 72 18 81 5 47 74 30 69
16 2 89 28 87 34 61 93
47 68 55 11 29 0 60 69 哭 39 11 64 33 43 49 34 80 41 Charlie 72
6 1 74 19 50 89 20 65 54 35 13 31 77 31 60
57 38 47 15 67 60 94 57
36 21 7 53 23 55 23 8 68 54 35 35 8 17
31 74 64 27 42
哭 18 Charlie 33 65 58 5 93 19 7 10 87
10 40 29 92 56 3
59 0 77 66 10 41 94 80 51 37 46 37 8 10 49 90 13 37 20
82 61 4 68 60 21 74 45 Tracy
76 39 77 笑 53 47 24 91 42 92 30 7 46 79 哭 33
49 36 13 24 44 72 34 58 69 78 42 32 35 57 50 0 80 3
14 43 59 哭 91 4 8 66 66 77 82 65 37 61 2 Jialu 86 37 36 1
19 4 42 6 11 48 8
46 56 63 18 37 48 4 26 92 46
65 68 75 Jialu 17 88 70 52 75
34 66 75 16 91 53 47 哭 90 51 18 46 28 1 37
85 46 14 71 34 77 17 58 1 88 70 19 70
27 77 24 65 27 60 66 77 41 34 哭
14 Charlie 86 74 85 4 66 5 58 57 90 78 90 67
Tracy 91 50 78 81 40
87 15 27 80 58
70 84 71 84 88 34 81 16 33 81 36 88 26 28 87 83 91
87 28 62 30 23 2 笑 66 90 75 84 18 39 46 91 35 49 10 88 49
65 26 59 54 84 10 52 66 87 0 41 8 8 61 59 13 哭
Charlie 44 31 56 32 83 55 27 89 68 56 47 7 53 19
45 19 89 72 49 69 7 69 34 91 66
8 62 31 61 24 4 27 35 20
81 70 56 60 85 59 20 71 85 45 76 54 66 3 25 60 21 笑
70 48 53 11 71
30 48 27 22 30 17 22 9 84 0 84 58 Jialu 48
19 35 56 11 72 37 65 56 45 1 35 41
45 55 54 55 54 57
53 79 86 78 60 83 35 47
49 44 54 38 11 26 68 46 35 76 78 59 14 48 Charlie
7 69 11 17 41 37 7 19 3 33 83 30 57 10 18 93 21 12
66 54 36 8 10 81 5 58 87 2 3
Tracy 11 64 28 16 1 10 69 70 83 36 48 19
17 哭 71 91 35 38 84 67 57 39 1 54 59 36 52 Charlie 36
63 17 22 28 59 89 71 53 27 49 29
16 52 14 56 35 38 38 86 31 22 55 32 3 8 34 44 30 57 33
51 9 82 44 54 39 60 26 91
8 36 Tracy 56 46 35 64 78
91 27 69 83 12 72 38 64 1 48
19 55 29 70 79 12 77 71 50 56 21 56
4 14 79 85 笑 77 76 54 70 20 29 26 24
59 23 7 88 55 67 73 9 11 62 38 22 Charlie
51 14 29 28 23 34 40 8 39
23 49 74 14 64 91 Charlie 78 13 26 87 80
66 5 60 77 45 2 55 16 94 17 11
12 39 53 35 72 9 19 30 84 16
37 77 24 61 13 16 46
80 52 3 58 11 Charlie 13 64 25 13 68 20 15 86 39 84 35 14 9 54
19 13 82 5 1 40 82 16 78 82 23 70 41 44 30 14 48 82 26
77 69 74 21 23 18 Jialu 46 71 93 16 90 65 75 36 69 64 77 2
5 笑 65 笑 68 34 11 14 77 1 Charlie 64 4 62 39 43 62 35
23 Jialu 51 7 30 82 68 31 21 3 86 22 26 67 哭 36 Jialu 17
14 94 8 89 54 40 Jialu 76 58 74 35
27 36 58 75 12 14
19 24 55 58 53 83 44 76
85 55 49 75 81 34 12
29 80 43 31 70 48 2 6 87 6 21 70 28
61 Charlie 92 86 75 27 63 75 12
82 89 34 53 70 37 75 40 74 45 93 9 1 16 0 40 3 58 58 66
10 93 79 89 93 33 62 19 72 82 43 13 8 4 61 40 63 83 71 74
16 19 71 62 90 2 4 86 79 49 65 41
6 80 74 45 78 笑 58 32 58 69 44 27 69 93 1 92 13 43 57 5
80 64 12 18 59 14 31 63 0 笑
22 2 80 93 89 35 63 52 笑 58 61 79 57 93
62 79 61 59 39 2 17 64 39 68 60 8 11 22
0 56 4 82 36
55 79 46 62 43 43 24 1 Jialu 71 0 22 4 71 1 64 2 67 11 53
94 45 11 51 81 74 88 64 57 19 78 Tracy 10 45 77 52 14
91 83 53 26 48 61 34 49 90 78 0 46 87 60 35
90 51 34 21 29 30 65 43 10 16
51 26 76 67 49
17 1 2 44 5 Jialu 87 92 79 44 40 42 92
32 75 45 35 21 哭 60 36
12 77 40 41 13 44 3 81 52 哭 61 10 68 34 75 48 笑
45 35 66 63 89 6 90 56 13 4 39 34 67 62 81 54 81 56 8
43 89 55 74 36 4 37 70 62 18 74 22 8 56 84 44 27 75
19 0 11 82 43 7 9 72 37
55 71 65 39 88 42 笑 4
94 75 85 44 11 17 12 50
31 笑 70 44 92
44 8 34 36 78 8 88 23
20 38 38 78 Jialu 3 19 94 36 22
34 Jialu 34 5 Charlie 9 15 53 20 7 9 35 59 9 33 50
17 62 94 39 89 5 27 6
71 8 49 32 34 28 36 85 79 14 93 30 49 55 31 24
2 93 20 67 54 40 79 52 5 17 48 2 10 9 86 60
94 71 49 75 78 40 47 14 75 18 64 1 Jialu 6 50 14 65 85 27
29 3 49 25 笑 6 Jialu
78 32 29 18 93 Tracy 82 41 6 11 9 61
1 47 21 78 76 89 笑 7 93 6 83 34 70 85 55 53 57 79
31 78 17 39 哭 29
86 28 17 65 82 59 6 29 92
57 41 63 53 86 90 67 Tracy 44 18 10 17 86
17 39 20 笑 44 89 13 4 32 38 42 66 28 6 18 12 47 86 Tracy
10 92 0 Charlie 58 47 14 17 61
73 15 58 2 78 76 57 15 6 13 11 91 64 74 58 Charlie
92 38 36 3 79 50 49 71 44 76 72
40 28 75 61 45 90 10 87 20 0 83 30 88 69 76 24 5 54
89 79 21 14 73 6 1 18
7 73 10 29 0 25 4 75 86 68 12 5 29 91 47 34 17 Jialu 41
17 11 92 44 17 66 18 4 69 68 23
16 90 47 72 66 37 17
50 25 80 28 19 Jialu 38 75 82 70 Tracy
64 35 42 90 69 40 72 85 11 50 44
42 32 63 93 72
48 23 86 41 90 23 44 36 65 81 5 哭 82 42 91 43
92 93 72 笑 54 23 81 79 50 92 83 58 15 53 20 88 14
65 68 94 19 3 18 26 32 87 Jialu 38 59
16 60 笑 81 19 24 63 12 60 63
68 16 91 34 92 12 22 76
83 34 77 14 74 82 13 53
77 68 88 31 94 79 15 6 10 笑 2 90 85 63 18
4 87 88 72 15 91 7 32 25 76
5 27 88 24 36 11 19
89 58 26 42 12 20 71 78 25 70 58 6 32 25 48 55 90 笑 35
17 21 11 42 89 27 57 26 70 20 52 92
14 哭 81 79 58 0 87 32 27 86 88
36 23 74 39 32 5
75 48 49 79 86 32 35 15
80 75 Jialu 1 89 47 76 27
20 85 50 58 53 25 70 笑 59 90 60 41 30 60 17 Tracy 31 23 90
38 67 68 16 36 65 9 47 43 23 61 17 8 89 41 23 80 35 72 52
68 Charlie 41 47 58 笑 Jialu 66 85 92 87 0 83 56 13 10 84 6 24
69 77 49 24 67 8 54 58 45 47 74 14
8 0 笑 15 51 92 Charlie 46 31 92 13 47 23 27 42 0 37 哭 12 90
6 61 39 71 83 52 20 80 94
42 55 28 86 79 70 24 93 44 84 28 9 2 39 9 51 91
22 45 68 72 31 65 37 16 23 27 29
27 58 11 89 94
46 21 91 3 0 46 29 70 26 92 73 26 43 88 33 17
63 32 41 23 54 70 28 68
63 62 35 80 37 22 7 31 29 29 61 41 43 25 94
23 7 91 23 46 85 10 13 85 67 90 46 38
27 74 41 63 52 0 4 94 8 3 24 46 57 71 9 49 50 70 76
10 85 4 39 Tracy 36 19 73 9 62 6 17 73 55 27 24 90
13 40 4 7 7 70 59 77 7 79 61 90 33 10 79 51 51
45 60 61 44 37 87 87 7 22 30 76 7 80 19 55 65 16 19 51
62 Jialu 1 4 23 35 90 40 27 48 8 80 65 13 12 笑 38 81 笑
71 76 42 51 哭 93 2 17 70 2 50 75 32 77 44 33 80 33 56 15
Tracy 89 70 18 57 31 4
67 35 Jialu 88 44 77 47
57 哭 61 51 93 80 19 哭 62 72 86 8 93 4 15 50 44 65 87
25 41 14 49 46 31 9
76 10 54 55 22 7 Tracy 14 55 19 42 23 42
0 72 88 29 71 67 84 2 10 32 78 38
67 34 59 39 52 28
40 34 哭 88 85 36 74 39 46
49 35 75 31 34 56 41 16 17 60 77 49 43 6 78 20 21 17 40 58
32 89 63 59 50 7 Tracy 28 18 36 37 25 14 61 70 88
72 21 38 60 93 23 27 41 87 26 87 48 Tracy 34 25 82 20 58
19 23 77 57 40 21
7 90 40 92 55 86 54 20 51 9 72 哭 74 哭 6
90 56 1 55 58 5 79
93 65 21 43 16 10 30 88 21 Tracy 94 15 86 76 24 34 43 94 25 72
55 86 7 90 17 18 88 66 2 46
54 66 87 82 76 67 42 5 81 73 37 5 64 哭
68 23 26 27 78 86 16 65 75 29 55 70 22 84 38 68
1 92 13 73 79 48 33 70 34 Jialu
76 68 74 71 89 60
Jialu 78 86 46 32 21 Jialu 29 79 90 59 20 7 45 90 18
59 19 34 74 17 4 57
44 40 79 21 14 20 80 4 64 29 5 40 89 6 82 31 36
37 36 65 哭 81 9
35 73 79 82 20
87 0 20 65 36 26 65 22
81 34 93 Charlie 81
12 27 50 77 56 25 5 27 76 88 57 81 41
72 51 82 20 39 20 44 86 72 48 29 37 28 84 3 60 26 50 20 17
5 2 57 61 78 45 46 65 93 90
8 55 80 哭 63 30 26 15 39 Tracy 89 55
1 Tracy 25 90 51 68 20 76 83 12 92 69 41 54 8
15 47 32 17 93 93 80 36 66 83 92 37 93 58 45 Jialu 72 63 57 88
笑 30 2 55 36 92 19 52 86
82 72 88 55 51 62 14 49
67 14 76 65 94 39 31
25 13 66 69 35 1 25 80 72
31 14 52 49 17 46 70 44 66 48 64 81 61 13 69 17
20 34 88 38 13 89 36
92 72 61 33 39 17 58 70 53 23 8 3 75 43 8 8 60 58 61 Jialu
55 35 94 30 24 15 35 笑 30 20 24
29 75 50 51 笑 74 16 2 9 82
61 89 72 82 73 23 7 87 55 44
87 41 87 72 12 60 16 29 54 86
28 57 10 33 66 12
91 8 57 47 29 22 4
20 73 16 7 58 48 26 42 53 5 60 23 44 79 63 80 68 22
36 39 51 3 Tracy 70 90 79 67 14 40 14 80 15
50 3 3 57 1 18 57 80
53 29 0 91 91 31 76 78 87 35 19 2
89 82 Charlie 73 55 0 40 20 35 16 26
61 68 16 6 76 1 90 哭 56 81 45 22 61 62 50 48 69 30 17
20 57 71 62 79 73 58 74 16 57 80 60 64 64 52 18 87
81 72 24 30 52 93 56 笑 11 46 52 23 65 16 Charlie 58 91 87 38
29 29 85 11 21 30
63 22 63 80 22 73 38 88 38 23 55
46 88 2 17 91 37 Tracy 84 Tracy 60 Jialu 68 31 18
13 69 56 13 47 84 22 39 32 42 37 哭 45 72 5 16 12
88 50 36 60 22 57 45 Charlie 哭 73 38 58 11 笑
48 71 10 61 86 39 13
Jialu 59 65 28 55 37
3 56 25 5 6
Tracy 80 14 86 Tracy 29 37 71 64 91 80 23 10 28
1 81 Jialu 48 93 41 55
17 71 11 12 63 8 15 Jialu 52 87 53 63 16 83 21 笑 40
50 5 39 9 50 26 86 87 42 16 54 68
41 85 93 36 20 51 47 13 78 15 23 67 87 8 63 22
5 哭 28 5 37 81 39 哭 94 69 44 58 68
65 64 50 62 38 56 47
52 37 38 哭 35 4 53 11 74 40
26 17 33 82 49 63 6 45 42 60 49 Jialu 40 68 19 77 6
32 34 59 90 25 笑 14 68
62 12 42 64 44 39 5 33 27 32 31 20
28 29 67 76 3 66 94 52
60 20 58 21 83 32
27 64 49 18 26 58 24
81 81 75 3 13
27 37 36 46 60 6 60 49 56 70
15 3 13 1 50 88 笑 33 29 74 2 62 74 52 64 55 68
51 81 69 49 笑
54 38 27 51 65 87 55 8 11 72 50 42 66 3 Charlie 42 94
85 63 81 Charlie 0 56 85 21 71
31 71 40 44 48 3 11 72 82 62
38 33 9 26 62 25 72 19 25 26 44 44 59 17 8 9 73
Charlie 52 78 53 54 27 29 91 42 54 83 91 65 7
50 9 83 71 8 23 31 89 73 49 77 68 30
23 89 58 22 9 66 61 16 94 4 93 16 75 14 61 24 9 17 93
25 6 77 93 11 22
81 15 13 65 50 32 47 61 0 67 27 59 52 86 20 88 3
12 11 62 88 39 56 66 37 52 34 29 63 Tracy 55
84 14 28 21 32 79 68 39 25 4 45 3 14 5 46 87 15 94
33 22 78 5 8 7 49 87 26 61 92 21 29 33
6 46 86 89 12 6 91 25 32 13 45 6
83 19 71 91 36 46 38 92 18 94 8 62 62
8 78 92 22 22 57 54 25 52 36 67 68
78 87 38 84 75 69 36 笑 23 63
3 28 68 92 56 66 5 18 64
79 44 28 23 94 90 14 33 51 93 31 37 63 22 56 46 53 85 73 12
54 94 65 90 72 72 9 47 27 34 32 93 30 14
6 85 21 87 91 65 7 17 52 36 46 16 49
87 93 1 9 88 49 71 56 78 47 71 94 85 10 23 24 57 70
64 3 50 50 25 94 84 42 90 88 65 1 90 2 6 21 34 18 46
64 26 68 54 70 36 61 2 76 39 30 58 47 26 86 37 6 24 72
13 23 21 77 6 54 33 32 83 91 81 72 19 24 70 19 11 28
7 23 13 14 31 30 52 61
62 20 29 68 46 17 88 54 9 88 50 37 哭 91 41 82 20 9 81
14 2 74 68 72 76 43 54 44 24 4 83 37 72 63 54 45
27 75 13 63 69 20 79 68 82 66 31 24 64 59 67 91 Tracy
18 35 36 60 笑 48 7 48 39 48 60 91 70 44 32 71
65 81 12 29 Jialu 70 55 Jialu 2 0 6 18 75 49 38
90 24 14 30 8 30 6 42 2 5 1 20 47
29 14 1 25 34 53 18 38 3 23 37 28 72 27 Tracy 85 38 52 哭
50 27 49 73 68 94 67 76 21 33 54
25 91 44 92 45 8 6 12 42 51 11 52 88 67 48 47
8 58 22 34 61 44 哭 15 57 15
3 8 Charlie 17 41 73 30 33
73 57 72 57 Tracy 34 71
82 23 61 52 24 62 44 30 50 40 54 25 26
64 76 32 49 1 93 36 40 61 43 67 73 85
1 90 56 40 笑 47
18 22 3 90 0 24 7
16 55 Charlie 60 80 47 15 59 47 16
57 76 89 34 36 70
9 21 78 46 Jialu 66 78 73 41 13 52 0 85 34 46 26
93 47 1 44 86 39 7 42 38 39
49 Tracy 59 40 87 34 77 51 Charlie 84 21 82 10 5 20 65
48 19 10 34 77 49 92 93 0 88
64 29 哭 43 89 Jialu 31 Charlie 22 47 2 12 82
17 42 92 89 10 74 40 43 35 0
49 7 76 7 35
17 74 32 77 68 92 80 43 33 89 89 1 3 69 42 89 79 46 91 11
63 35 21 53 64 55 60 35 40 90 83 60 5 37
91 Jialu 12 31 43 88 48 64 35 41
64 35 84 71 笑 60 47 30 61 Jialu 49 92 31 61 80 40 22
45 52 43 21 44 62 47 55 60 11 21 47 2 52 笑 Charlie 19 50 28 50
38 8 14 82 80 1 5 45 1 73 91
72 23 67 53 56 84 82
87 49 35 61 5 37
14 84 88 32 25 0 12 59 8 36 39 70 43 35 Charlie 85 70 58
53 26 68 35 8 45 12 69 31 56 45
23 88 45 41 7 35
89 63 16 71 67 56 22 61 16 10 54 16 61 36 34 75 69 46
1 83 59 68 91 91
62 20 28 94 81 33 2 31 71 66 77 15 55 85 哭 82 49 8 49 68
46 21 91 33 62 Tracy 40
62 48 13 89 Tracy 34 49
12 51 83 87 89 54 60 85
86 Charlie 1 7 88 74 11 26 43 49 45 78 6 79 58
59 47 42 91 68 32
50 4 93 24 71 72 19 93 71 42 Jialu 27
41 24 41 13 83 69
33 6 80 22 Jialu 42 55 73 50 83 2 69 15 3 24 13
21 76 67 83 85 37 4 54
37 87 18 55 15 21 76 68 63 94 35 82 69 65 42 80 43 85 81
53 22 36 4 21 63 55 15 Charlie 75 89 51 51 52 73 30 54 48 49 20
47 57 56 77 0 42 26 哭 1 21 32
81 28 27 83 10 45 8 0 61 74 Jialu 45 3 3 80 41
93 46 3 78 90 41 31 34 30 2 23 15 41 55 92 33 79 80
61 68 59 40 36 53 30 78 43 24
Charlie 59 15 84 9 83 4 38 89 8 5 27 67 22 87 86 44 20 38 56
65 64 65 2 45 94 66 77 80 84 80 54 90 75 70 24 9
56 40 52 86 82 91 5 94 37 78 Charlie
87 67 27 43 9 58 56 12 60
6 34 78 84 67 81 39
11 9 39 63 Jialu
10 25 66 0 53 58 74
32 83 0 43 60 44 0 71 31 1 20 71 51 93
35 54 71 79 17 75
66 27 62 54 17 35 89 31 52 Tracy 38 Charlie 60 Tracy 12 25 90 1 21
51 46 哭 82 51 41
45 21 70 91 19 66 49 31 2 66 26 74
57 48 90 13 36 94 37 46 56
12 13 35 66 77 52 51 69 85 83 27 50 88 46 76 69 3 51
53 81 72 59 60 20 49 57 94 笑 9
57 10 47 12 48 68 65 80
59 18 23 57 41 1 43 22 82 28 69 笑
30 75 38 90 38 51 94 72 63
35 46 92 66 63 49 94 5 3 7 56 19 78 54
91 76 9 64 63 28 50 10 35 79 45 Tracy 55 36 51
66 80 93 47 29 40 32 31
49 44 82 14 69 46 Tracy 48 29 11 14 23 4 61 51 84
77 67 58 26 49 28 58 31
71 52 65 笑 46 11 91 80 78
16 62 4 10 7
39 74 59 37 38 74 55 25 22 23 70 23 47 90 57 69 58 70 61 35
Tracy 4 26 64 16 77 82 4 77 33 44 90 71 66 83 56 16 59
37 54 29 37 Jialu 1 44 59 73 46 63 28 Jialu 15 92
5 44 47 24 75 3 21 2 29 58 66 85 16 44 45 31 82
笑 47 9 15 18 26 13 94 93 36 3 62 80 46 50 Charlie 54 92
17 46 48 47 14 65 84 0 57 76 91 15 44 10
34 33 54 44 60 85 64 61 30 18 59
62 10 81 48 53 14 35 68 65 54
20 53 60 4 87 30 32 70 15 94 37 44
26 哭 47 68 89 5 90 65 哭 66
71 8 10 63 5 79 56 84 91 37 16 66 88 30 70 54 51 2 70 60
0 10 32 93 67 76 11 Tracy 89 23 20 58 18
40 78 哭 91 44
6 49 78 29 54 70 42 42 85 Jialu 75 8 3 78 74 54
50 44 Tracy 笑 68 40 哭 Jialu 84 87 65 61 15 45 45 4 11
22 4 27 56 20 32 78 59 90 92 62 77 69 Charlie 10
93 67 29 21 44 6 90
93 6 22 2 49 54 Jialu 35 0 83 19 57 44
37 10 70 44 12 87 22 笑 4
19 63 哭 48 92 27 41 46 3 83
6 43 75 58 Jialu
8 哭 8 57 27 48 91 65 42 68 34 19 8 76 57 哭 69 51
49 49 73 81 56 Charlie
11 68 21 54 笑 6 31 7 41 87
71 14 50 71 45 13 58 70 41 27 40 9 15 91 14 Jialu 50 48 13
0 20 46 43 30 4 25 46 5 1 41 39 54 9
74 6 Jialu 54 90 86 24 63 62 80 7 9 59 21 38 Tracy
18 78 39 92 79 84 58 49 64 35
55 63 90 哭 32 84 29 16 61 61 89 68 61 21 87 52 Tracy
42 71 43 13 78 30 31 13 64 32 56 9 47 80 Jialu 84 35 19 30
66 50 62 16 32 10
26 0 87 83 58 25 6 哭 30 79 21 15 20 38 78 21 17 92 Tracy
39 67 65 43 88 47 42 30 73 39 57 93 84 57 67 27 84
47 13 65 54 18 82 9 80 64 69 81 12 Tracy
23 41 74 27 9 61 17 60 哭
92 5 43 12 15 50 61 笑 9 39 93 89 Charlie
19 49 28 86 13
85 23 35 64 58 8 22
93 43 87 80 41 10 15 54 66 67
74 82 94 Charlie 41
32 75 29 20 31 Charlie 86 87 93 66 52 57 81 34 46
81 61 37 8 72 43 82 15 35 6
63 43 8 Charlie 85 38 12 52 24 29 80 84 83
84 28 9 32 30 7 69 49 20 85
75 35 6 1 26 46 39 30 92 61 6 61
79 86 81 55 46 52 60 41 4 32 47 88 5 45 65 50 48 52
48 94 76 77 Charlie 84
82 哭 63 55 9 90 7 33 68 92 64 42 39 32 36 29 46 1
83 74 69 0 88 28 11 75 8 61 18 39 57 31 9 57 28 78 84
80 66 51 52 19 2 43 67 10 33 2 38 69
81 24 10 91 2 20 92
51 71 Tracy 42 59 39 59 4 66 90 68 Tracy 8
52 30 28 42 28 69 22 8 72 25
36 80 18 52 49 37 44 40 31 41 94 8 22 65 58 40 0 54 55
19 34 40 72 71 19 30 48 64 24 74
88 68 65 11 92 8 29 70 哭 43 41 5 29 78
25 79 54 77 48 27 46 29 3 31
33 38 34 57 94 29 31 35 4 87 Charlie 47 24 35 81 36 11 77 4
63 46 18 11 4 88 54
42 58 81 86 52 16 44 20 48 49 84 43 16 46 35 26 58 34 57 33
10 52 21 82 72 15 1 87 52 11 23 50 23 45 46
35 69 62 35 74 79 77 75 笑 13 22
73 33 30 88 15 49 23 81 68 笑 15 21 51 21 30 18 18 57 69
16 87 89 46 11 60 45 1 77 39 Jialu 21 48 77 61 11 57 53 85
3 57 80 20 30 69 24 Charlie 59 60 Jialu 哭 哭 43 61 85
27 15 73 17 26
51 11 2 48 15 77 Jialu 81 75 56 6 90 84 85
64 71 81 10 87 59 43 6 28 82 29
哭 38 34 23 57 13 44 52 1 89 36 69 23 34 笑
80 20 74 93 55 Tracy 8 25 40 18 哭 49 86 20 58 4 37
82 72 17 60 7 25
15 Charlie 73 20 46 47 12 85 66 55 2 28 91
32 13 69 6 73 15 44 9 25 48 20 67 88 93 53 34
81 22 27 4 42 86 80 89 75 90 92 47
3 71 94 22 71 笑 45 64 63 69 12 44 4 84 80
45 35 72 83 41 43 82 88 35 75 19 6 93 90 11 41 13 11 85
19 28 80 83 63 91 16 笑 19 22 53 49 44 87
Jialu 17 89 80 20 33 18 笑 48 87 0 62 12
66 52 61 87 80 42
20 61 78 41 11 56 73 34 3 68 15 18 12 69 72 23 5 73 62 13
22 Jialu 哭 29 62 51 92 78 36 29 笑 54 哭 52
66 73 7 74 6 20 18 72
43 6 88 44 80
29 14 23 94 3 40 23
58 Jialu 58 34 21 5 笑 0 56 73 55 17 33 49 93
76 86 1 47 42 72
44 48 17 90 7
22 55 8 9 24 26 42 16 Jialu 80 60 48 84 16 92 30 34 Tracy
11 69 35 37 71 83 3 2 6 3 35 8
Charlie 37 18 49 25 79 35 Charlie 22 2
61 84 91 86 50 92 1 3 81
37 78 85 70 25 61 19 40 81 10 72 43 86 74
48 2 53 28 44 3 12 94 12
75 88 5 3 4 Tracy 32 64 Charlie 67 17 29 91 29 8 2
29 15 19 75 47 66
72 39 笑 66 42 10 86 Jialu 76
28 60 5 91 69 7 50
10 89 11 81 10 70 57 18 Tracy 48 75 48
49 18 Jialu 0 56 78 33 72 86
32 82 74 38 38 17 25 36 11 Jialu 63 15 84 41 43 33
