84 65 Charlie 45 18 5 66 22 12 22 62 9 68
Jialu 笑 39 56 75 哭 23 31 89 45 0 61
92 8 87 40 46 90 87 93 56 7 74 62 34 93 8 34 66 19
71 66 85 48 Tracy 42 60 83 76 37 2 0 6 59 91
74 24 56 35 26 60 9 53 51 Tracy 26 19 3
6 56 25 78 0
55 51 73 45 24 74 30 66 38 44 1 12 55
61 76 25 57 77 93 86
28 81 17 41 35 50 21 68 63 Tracy 79 94 31 57 Charlie 50
59 38 66 43 59 30 84 15 94 56
27 0 27 87 56 2 1 Tracy 37 40 3 3 44
16 91 50 60 93 36 62 41 71 48 48 73 16
28 25 83 71 3 笑 43 3 29 38 94
65 73 32 8 48 30 83 Charlie 46 51 77 88 59 8 9 3 36
38 85 63 74 93 笑 笑 35
52 26 57 73 57 26 74 25 13 28
42 16 7 67 81 26
Jialu 2 Charlie 71 77 46 22 53 71 38 87
14 5 4 48 20 30 68 10 14 10 22 68 79 笑 75 82 70 92
36 7 7 32 17 82 1 78 54 15 74 31 84 31 0 84 39 49 84
70 92 84 84 14 26 55 27 74 72 12 5 Tracy 17 41 54 20 56
4 83 77 23 2 30 54 30 55 45
23 90 28 13 32 0 71 30 41 26 65 1 75 92 86 Tracy 23
1 84 83 58 12 29 3 51 67 32 64 54 16 18 23
4 92 30 58 8 笑 90 46 7 66 86 67 56 33 21 14 0 12 50
45 36 笑 57 78 63 85 73 3 66
59 56 83 45 79 7 17 4 66 笑 20 35
87 67 69 9 39 4 22 28 15 38 63 47
44 23 69 26 49 59 81 5 55 55 18 21 16 21 80 29 8 74 笑 48
55 88 76 32 37 63 24 53 46 13 82 45 27 18 90 46 75 5 78
39 71 3 45 51 25 56 16 26 75 17 56 4 7
69 8 8 89 56 53 74 48 50 78 93 80 72 91 31
52 62 31 39 69 83 0 21 61 23 52 7 29 47 15 63
89 23 50 85 82 31 69 60 2 58 76 23 61 24 18 Charlie
11 85 16 90 27 46 73 36
47 66 93 13 62 62 49 87 89 79 55
57 36 19 Charlie 38 64 68 17 52 9 70 67 30 0
40 73 37 75 7 75 52 57 52 15 87 22 69 47 91
59 26 70 84 41 72
47 82 Tracy 7 42 80 90 50 77 62 16 46 93 65
75 29 71 7 70 52
93 39 9 7 62 32 83 89 10 31 47 6 74 34 67 12 89 16
55 28 76 87 92 78 84 66 46 93 50 7 44
80 33 笑 40 51 41
74 24 38 2 56 39 61 40 5 88 27 35 33 28 73 87 68 71 59
25 22 57 1 8 78
50 Jialu 76 23 85 29 13 67 27 43 59 94 6 86 43 82 58 15 77
2 72 90 49 哭 哭 79 51 74
7 Tracy 6 6 35 28 4 44 70 2 41 6 2 71 10 38 66 Charlie 58
23 Tracy 74 43 5 46 79 55 94 44 65 7 13 39 6
27 Charlie 63 81 17 19 0
9 13 84 8 56 59 81 61 44 61 83 84 56 72 7
47 69 75 61 30 84 88 33 Charlie 63 Jialu 28 63 13 15
4 79 69 12 79 85 47 18 47 27 14 89
5 33 26 19 34 62 22 77 78 Charlie 50 2 77 10 Jialu
39 36 63 24 88 57 9 75 24
69 10 13 10 74 43
62 17 34 85 85 81 18 16 54 54 94 54 75 87 57
85 26 72 4 9 91 6 46 54 63 Jialu 8 40
23 22 Jialu 26 92 56 69 2 25 92 54 52 29 33 84 64 8
69 52 61 34 Tracy 77 22 15 43 26 78 0
84 83 23 66 24 93 52 5 78 46 18 71 61 28
4 34 91 59 68 46
2 74 61 36 76 65 68 62 21 52 55 52 38 笑 47 12 82 93
94 11 56 73 46 80 38 18 71 72 26 46 3 51 77 45 18 32
86 85 80 88 67 笑 14
0 36 48 81 28 61 41 58 83 61 35 80 5 41 65 28 0 46 86 84
62 54 77 62 57 27 12
57 48 18 18 44 35 46
38 90 35 72 73 78 51 85 44 61 77 Charlie 54 53 72 21
66 Charlie 94 9 2 19 82 14 13 84 46 51 61
43 71 5 26 17 6 25 52 Jialu 81 47 86 21 8 20 74
76 65 67 4 34 94 27 5 93 14 16 69 66 Tracy 21
72 21 44 37 14 64 8 13
80 Jialu 24 36 61 84 60 27 哭
70 2 6 41 3 笑 33 66 32 71 81 20 31 73 88 7 65 73
5 27 Jialu 82 21 39 6 30 Tracy 79 47 57 75 18 65 43 69 49
1 80 89 33 52 65 2 73
76 49 92 79 81 49
18 18 39 25 21 34 14 22 91 69 14 86 1 11 76 55 77 87 21 66
46 76 22 71 9 32 83 Tracy 74 77 26 71 66 1 27 35
49 51 47 19 45 20 77 85 22 58 61 2 54 28 Jialu
Tracy 2 55 12 66 83 10 21 19
16 51 40 40 30 94 78 42 19 91 56 41 70 44
16 59 3 10 43 5 38
45 24 34 27 23 37
17 50 55 18 87 Charlie 0 笑 10 76
90 40 48 90 66 56 10 37
64 25 28 5 20 47 72 76
Jialu 61 4 34 48 48 43 87 50 18 12 30 笑 74 90 19 37 2
63 40 17 哭 85 85 80 63 61
62 65 1 84 28 60 62 54 67 Tracy 13 71 19
51 67 79 66 92 22 27 42 28 55 29 48 25 37 55 45
2 45 7 35 39 59 21 2 哭 73 0 0 4 83 59 66 26 2 10
54 6 7 Jialu 4 23 68 28 46 79 79 34 1 17 Jialu 3 37 94
90 6 10 91 56 43 2 4 92
56 16 40 64 38 23 81 24 84 4 50 53 17 笑 40 88 44 17 89
31 62 88 74 39 35 26 4
50 40 87 64 30 80
48 39 57 11 8 27 9 22 65 63 12 5 43 47 2
64 56 64 57 62 7 21 20 15 50 76
37 25 78 32 66 12 70 47 8 72 81 12 3 78 19 22 24 1
10 18 45 37 93 76 13 85 72 18 64 41 81 93 7 20 27 78 82 86
54 9 55 91 69 13 45 Jialu 44 88 14 15 43 Charlie 50 46 10 50 76 3
22 56 32 63 23 90 52 67
63 21 0 56 65 91 18 26
63 22 52 83 21 19 87 69 42 4 Charlie 笑 78 Jialu 1 81
82 64 42 94 67 15 49 哭 70 19 14 80 51 20 12 20 23 Jialu 35
17 13 2 33 71 69 42 64 10 39 6 60 21 48
49 10 9 14 83 30 53 40 43 31 71 62
1 44 1 10 25 52 60
75 55 11 29 哭 66 Charlie 93 7 75
60 16 88 55 0 28 54 84 Tracy 18 2 20 22 49 7 22 19 81 1 47
80 32 62 79 49 62 6 41 59
77 52 10 65 10 84 62 89 32 68 62 39 42 85 74 37 17
29 60 86 62 77 27 55 67 77 52 7 61 27 38 74 14
94 19 94 30 63 14 77 6 46 49 74 41 6 79 92 62 63
85 36 15 2 7
79 17 94 18 18 7 55 37 19 23 27 23 76 44 43
28 61 39 48 29
92 86 36 65 28 22
87 28 68 19 46 34 48 38 67 Charlie 28 Tracy 72
69 75 55 89 84 28
25 88 5 61 33 82 93 78 16 10 51 24 63 49 54 41 76 44
87 12 42 61 66 25 41 58 3 0 73 2 69 58 74 76 88 89 69 54
86 82 15 65 53 65 60 9 62 74
81 79 31 30 51 25 31 5 86 22 83 60 59 82 62
26 Tracy 89 1 31 53 75 47 45 55 88 3 3 22 58 11 7 11 66 81
15 68 21 83 7 18 25 73
19 Tracy 47 37 62 76 18 52 47 12 82 25 69 27 39 89 23 58 75 61
3 76 89 67 67 9 66 笑 25 86 0 46 69 85
90 3 69 73 72 89 43 哭 13
87 71 70 67 哭 27 36 82 1 23 37 19 84 93 58 哭
94 47 68 55 48 32 4 8 80 51 69 63 80 14 52 0
75 49 42 55 52 59 46 11 7 59 23 87
63 71 Tracy 11 41 11 92 31 20 Charlie 9 38 70 94 25 44 41 60 Charlie 64
Charlie 43 69 87 42 51 34 3 Jialu 77 29 5 49 93 43 85 8
71 71 61 15 22 59 32 28 55 74 10 47 48
50 71 51 78 83 44 75 9 5
55 笑 36 35 21 51 68 46 7 90 69 38 45 9 30 30 81 53 74
45 48 93 64 60 41 67 67 55 30 75 34 4 34 32
25 40 18 72 23
4 72 27 Jialu 9 45 3 44
48 46 0 14 77 73 59 笑 58 哭 52 65 89 44 6 31 45 42 8 86
2 66 27 18 49 7 88 69 37 4 74 39 69
91 23 71 35 60 3
58 58 Jialu 51 85 9 笑 82 54 41 29 50
2 19 12 83 17 56 46
41 18 23 笑 24
34 42 93 46 62 59 51 45 哭 62 90
47 8 13 34 41 93 33 14 13 13 4 36 5
91 16 83 24 11 37 59 28 26
33 哭 9 60 19 49 8 66 62
74 40 12 27 12 13 45
26 75 1 26 21 80 哭 60 36 56
28 21 66 22 14 86 48 77 84
62 7 Charlie 79 84 70 93 89 45 59 23 77 39 40 77 21 67 19 37 37
78 44 Charlie 21 41 3 45 80 2 39 哭 笑 2 Charlie 44 87 67 48 20 37
86 72 33 30 1 59 4 7 86 57 64 32 80 55 89 64
45 54 57 59 33 53 Jialu 69 18 93 48 23 41 42 15 笑 81 53 8
20 4 42 50 56 22 47 22 69 33 33 52 42 40 8 37 27
38 71 66 91 20 28 68 39 44 24 15
45 72 88 49 48 39 4 13 40 18 77 86 70 49 57 笑 89 39 1
33 67 64 10 59 Charlie 笑
89 18 51 85 11 12 21 74 0
17 15 85 71 83
5 30 78 50 32 39 43 17 68 24 78 笑 38 63 17
72 笑 75 44 30 59 90 51 45 7 56 89
59 83 7 20 31 83 9 10 74 17 37 67 65 1 26 89 60 55
22 93 70 30 51 24 6 11
71 77 11 73 6 39 75 4 41 92 70 79 42 68 71 61 51 61 73 59
67 72 14 65 Jialu 83 88 64 87 1 67 57 49 21 43 23 56 52 85
1 2 29 48 40 4 71 10 哭 53 73 49 3
79 83 58 49 93 Charlie 65 58 68 29 72 41 56 73
80 50 78 77 59 88 33 64 18 38 0 Tracy
60 26 53 85 42 74 89 66 25 10 44
19 87 10 85 56 42 40 23 65 9 37 61 44 8
67 90 55 68 22 58 24 2 11 19 73 23 72 35 87 58 61
44 66 47 60 72 35 10 74
72 30 14 60 43 11 93 22 36 9 54 30 47 笑 36 23 47
11 35 54 47 52 73 30 77 49 48
74 71 63 Charlie 30 15 55 Jialu 92 82 55
25 Charlie 50 41 3 20 84 5 10 50 2
4 Tracy 26 40 45 Charlie 49
哭 23 57 84 37 4 5 3 19 54 38 59 40 6 91
79 15 65 0 73 85 76 1 49 30 30 23 5 75 62 82 3 88
20 47 51 24 42 26 29 Tracy
69 24 59 76 20 58 47 48 88 61 66
9 86 83 27 38 22 75 57 哭 26 35 92 82 83 78 39 65 87 6 3
2 71 0 87 47 6
28 38 43 66 哭 83 71 69 0 7
18 44 20 67 3 46 17 12 23 43 12 54 哭 82
55 93 62 46 12 38 27 69 49 79 55 22 9 68 14 74 8
68 75 45 83 68 89 57 48 38 18 21 59 33 71 35 5 20
23 12 29 11 59 17
71 15 12 38 48 71 20 Charlie 85 3
10 1 32 93 9 40 43 50 68 22 67 14 87 93
36 87 9 49 21 77 20 56 17 58 71 79 25 哭 81 77 80 Jialu
77 59 75 9 35 83 39 94 27 94 26 65 5 34 40 34 14 36
哭 28 87 50 80 38 46 81 19 92 30 73 19 11 33 27 53 93 20
31 14 66 82 10 14 38 62 73 37 47 13 笑 89
82 11 71 90 7
36 88 94 64 哭 92 17 7 77 89 68
84 13 11 50 43 70 51 79 51 71 62 笑 31 50 77 15 63 56
26 78 笑 14 Jialu 46 77 72 21 69
73 Charlie 86 46 20 18 19 82 12 18 19 29 23 1 84 18
41 64 55 60 4 8 78 54 32 62 79 62 Jialu 44 18 59
31 85 0 24 76 65 7 30 13 89 53 86
32 41 47 58 6 13 93 58 84 45 Charlie 34 56
64 92 56 16 54
70 75 44 38 92 81 8
Charlie 29 9 77 44 91 49 0 36 94 2
1 Tracy 9 69 18 25 11 19 25 3 59 25 61 87 89 89 33 43 15
81 55 47 22 58 35 94 33 27 66 57 88 69 47 Tracy
41 1 72 2 笑
46 89 20 89 29 77 2 41 62 37 13 90 92 62 29 59 5 72
41 46 85 17 28 16 70 73 16 68 32
60 40 Jialu 85 86 64 18 5 2 11 11 89 Charlie 15
Charlie 5 35 1 61 80 7 5 Tracy 25 73 11 19 91 49 72 45 哭
55 11 55 Tracy 笑 44 33 Charlie 56 25 0
51 91 58 64 66 62 73 36 27 91 87 81 44
14 19 51 32 59 32 88 63 40 64 89 0
74 18 18 53 3 86 52 36 32 2 82 Charlie 61 47 74 24 17 49 39 25
94 17 53 36 86 64 24 10 77 35 29 66 83 86
37 62 26 36 88 2 65 56
35 35 70 2 61 3 56 15 58
84 39 6 83 66 61 94 90 23 91 49 86 5 94
37 43 12 92 52 74 23 6 64
45 52 45 44 69 88 48 89 53 72 40 73 57 93 41 74 34 72
89 45 62 5 74 Jialu 40 12 Tracy 35 62 46 10 7 31 54
72 18 16 11 15 38 17 18 10
64 Jialu 93 Tracy 71 40 50 5 25 49 Jialu Charlie 71 哭 70 36
70 32 40 28 19
28 59 29 37 87 笑 51 73 2 66 13 12 19 17
79 Jialu 19 33 53 38 53 26 86 笑 77 86 3 50 73 85 48
54 37 60 26 87
52 45 88 Jialu 37 36 89 21 56 22 24
85 7 26 10 22 92 36 73
59 66 6 笑 0 11 10 49 26 16 50
36 66 62 1 53
10 90 18 81 58 50 47 78 91
32 47 15 78 60 86 38 50 4 88 1 69 笑 15 11 70 14 10 61
69 21 18 11 88 61 31 30 77 24 35 49 83 2 90 63
2 38 73 53 59 18 37 68 41 92 哭 82 52
70 91 23 48 18 44 32 57 44 88 92 14 30 哭
笑 13 55 90 69 89
22 47 2 93 90 Jialu 75 29 34 48 88 14 67 94 41
67 Tracy 10 30 47
9 64 75 笑 83 73 42 26 93 48 31 3 15 57
20 30 78 32 43 79
51 Tracy Charlie 58 5 5 12 42 39 37 5 86 80 6 9 91 8 72 62 16
12 Tracy 13 86 0 73 30
91 2 45 92 12 90 73 77 79
73 90 75 1 31 26 33 71 84 10 8 40 53
11 92 14 74 8 93 9 哭
8 63 68 83 9 80 80 73 82 14 79
14 35 79 76 60 29 23 26 0 68 91
62 13 54 75 65 43 86 6 Charlie 50 19 16 53
60 37 21 24 45 34 11 36 42
84 4 81 4 68 85
56 31 36 53 36 26 40 66 40 29 55
86 10 9 25 42 40 81
78 93 26 76 65 85 34 31
47 92 34 80 50 47 2 26 57 32 28 34 2
22 23 92 22 45 36 54 50 43 83 80 16
16 38 75 11 91 80
88 51 34 50 48 75 30 24 73 Tracy 2 62 71 61 33
0 42 77 30 11 45 35 76 1 60 11
24 7 35 71 67 86 48 52 65 哭 63 9 笑 21 78 89
6 26 26 92 27 39 77 25 67 94 1 44 7 47
7 53 68 28 76 6 56 1 59 39
31 20 94 64 91 29 4 31
94 89 3 7 3 Charlie 80 84 29
38 42 75 22 45 78 36 63 38 30 50 89 88 56 41 33
0 66 77 43 57 24
27 10 44 38 62 59 53 9 62 46 82
2 21 75 88 85 92 60 94
34 52 33 67 68 32 14 Charlie 61 5 30 94 87
8 60 81 57 43 79 90 66 45 66
53 78 26 84 30 24 88 7 40 64 80 16 14 83 91 21 73
10 60 14 79 16 37 75 63 8 15
81 49 10 73 74 25 56 82 52
67 49 65 13 7 33 88 2 0 67 笑 31 40 48 80 40 28
66 93 68 64 笑 25 89 85 Jialu 62 62 Charlie 0 86 82 2 8 17 Tracy Jialu
10 39 44 22 27 31 53 8 41 88 52
62 Charlie 33 33 6 87
57 63 90 72 5 91 94 55 83 85 48
85 25 5 35 14
17 59 42 90 0 38 28 34 12 3 85 93 17 5 66 64 51 1 19 笑
46 36 6 83 0 27 82 21 5
56 64 11 17 87 36 26 84 18 22 51 11 30 46 2 92 25
46 74 56 87 67 68 10 39
25 39 Tracy 68 84 90 46 17 10 Jialu 4 89 20 48
6 28 62 91 81 71 94 67 92 15
94 40 50 53 43 23 75 48 10 46 15 1 24 71 73
90 42 49 61 78 55 52 83 88 84 85 38 79 26 7 78 79 11
73 84 56 52 30 76 3 Charlie
41 19 5 65 6 81 86 69 12 86
25 50 82 3 39 56 8 71
73 75 6 12 9 18 31 33
12 88 47 94 91 60 54 62 60 84 62 78 25 79 2 Tracy 17 78 75
28 1 笑 21 43 37 27 30 19 19
Charlie 48 38 88 92 10 43 78 40 77 63 16 54 12 50 93 笑
32 53 64 85 5 75 66 82 Tracy
48 48 93 63 笑 44 Charlie 69 52 58 43
44 80 23 54 60 52 41 1 77 13
22 60 85 48 6 33 81 69 29 39 39 35 27 86 88 55 4 34 36
31 33 64 Jialu 42
23 73 80 47 19 76 47 90 7 笑 56 15
90 75 26 70 13 8 42 15 59 28 75 42
29 65 0 15 46 44 68 16 23 20 9 35 91 Jialu 25 35 16
69 43 92 Charlie 34 79 48 28 18 50 4 90 31 52 7 3 62
93 68 3 32 71 63 24 91 31 49
18 71 Jialu 72 42 44 54
59 88 70 43 92 90 12 23 11 70 15 89 81 15 66 14 38 11 66 73
11 85 24 67 32 30 10 77 Tracy 92 58 43 87 76 3 8 67
92 40 7 39 31 92 49 44
Jialu 49 42 21 80 Charlie 24 42 8
6 67 85 43 5 13 26 63 32 23 49 40 32 75
93 61 54 8 5 19 88 8 17 84
15 53 92 51 0 46 75
2 83 15 72 26 笑 8
51 6 87 85 3 86 1 90 5 36
75 2 41 65 92 76 56 47 25 80 39
笑 哭 47 18 87 73
45 18 12 0 59 62 34
74 哭 58 54 84 79 71 87 18 15 45 18 41 81 87 61 48 89 39 5
65 25 57 5 哭 15 64 54 40 28 82 3 79 0 66 52
Jialu Tracy 26 5 93 36 21 86 27 45 31 29 5 28
55 37 47 1 91 哭 4
39 61 32 47 35 17 40 84 4 29 18 73
82 94 85 69 84 79 40 45 83 39 14 30 31 50 70 50
笑 62 34 Jialu 5 54 77 29 57 77 56 65 Tracy 16
63 76 77 82 48 78 52 30 56 50 64 67 87 39 Tracy 73
59 13 14 73 67 9 66 42 24 52 24 65 86 77 13 85 55 18 27 5
76 94 4 41 10 Charlie 39 2 58 12 4
67 86 49 46 47 91 64 79 2 91 90 哭
4 48 74 54 86 15 78 35 0 43 Jialu 8 5 2 64 2 94 50 70
26 28 49 88 87 51
Tracy 22 14 30 35 49 74 30 74 50 25 66 Tracy 70 哭 64 30 74 33
4 59 37 58 19 54 47 41 46 11 22 62
18 29 26 68 1 9 21 68 83 0 44 60 笑
Charlie 33 75 72 74 Jialu 83 91 57 83
64 11 89 82 92 84 88 31 0 36 14 Jialu 65
78 8 91 6 8 2 73 84 46 87 52 22
47 27 Tracy 91 87 3 85 6 44 42 43
11 89 77 3 2
62 0 86 4 71 21
73 59 27 56 47 70 28 59 72 30 61 48 16 Charlie 77
90 43 64 15 11 74 82 93 91 22 68 37 Charlie 43 58
33 17 Jialu 27 91 27 16 47 75 70 32 8 Tracy 21 69 49 67 Tracy 62 44
46 30 82 70 92
39 49 61 59 12 94 61 49 29 42 91 63 28
45 81 63 82 哭 哭 0 33 31 81 65 0 9 7 39 68
88 49 59 8 81
20 63 笑 6 84 63 笑 Charlie 4 92 87 61 Jialu 52 60
71 28 19 17 48 0 67 58 83 85 74 38
16 88 15 44 25 87 47 66 74
笑 60 41 50 15 26 64 21 54 10 73 37
10 77 9 13 67 56
哭 51 22 68 54 78 51 57 77
45 38 31 16 15 3 48 61 70 59
75 26 70 75 69 34 65 18 哭 88 87 3 58
80 2 20 68 74 19 28 45 31 87 55 16 7 80 24
78 50 90 0 56 3 50 5
哭 28 0 82 37 48 3 8
88 94 76 29 20 70 78 16 61 44 89 60 85 47 62 25 81 37
60 9 63 9 Jialu 42 94 37 89 35 43 12 93 16 51 52 6 76
37 哭 60 Tracy 1 40 16 62 3 32
36 16 64 84 1 6 Charlie 30 1 15 61
3 58 75 77 15 70 91 49 12 74 22
5 14 31 24 Tracy 89 6 73 14 14 60 0 63 29 20 67 25 88 27 3
57 64 74 51 43 69 49
86 70 30 89 5 89 6 54 26 57 63 14 22
35 12 34 22 22 67 15 44 62 79 38 9 10 笑
7 15 86 83 92 73 29 11 91 19 52 36 63 72 19 14 49 32 92 7
65 83 78 13 89 73 28 75 21 13 51 15 79 59 78
72 35 28 54 64 83 75 47 Tracy 3
60 63 6 20 80 42 31 44 94 1 63 2 50 9 43 16
54 10 13 14 56 78 52 11 45 80 6 80 Tracy 20
56 40 7 89 40 21 47
36 32 1 8 Jialu 68 66 36 25 76 28
71 42 70 70 82 93 71 62 41 22 7 83 60 36
85 3 38 55 30 Jialu 54 69 71 Jialu 45 68 47
87 92 1 21 9 85 1 65 14 18 94 27
57 48 63 2 67 10 81 17 4 87 81 89 43 0 Charlie
30 30 91 80 75 31 Jialu 26 24 19 9 51 46 14 15 76 47 Jialu 30 87
89 8 51 41 85
哭 15 81 0 65 93 23 65 4
72 26 63 76 92 40 88 10 51 19 59 69
27 25 2 52 72 81 68 92 87
59 52 23 89 Charlie 75 56 83 11 25 49 83
43 14 53 81 94 81 13 7 51 90 52 56 42 83 51 Jialu 3 51 79 9
68 56 21 0 Tracy 7
84 38 58 63 74
43 71 72 59 54 90 55 27 28 22 74 5 65 35 52
38 13 24 58 93 50
76 笑 9 46 43 2 9 71 77 52 82 67 85 14
8 29 3 61 93 69 10 87 40 53 93 28 82 20 31 77 67 76
85 60 94 87 50 29 28 34 37 11 26 64 笑 62 11 51 64 94
4 24 37 17 71 13 61 哭 52 88 41 21 68
89 52 21 14 47 88 45 62 71 93 66 58 2 18 94
47 Charlie 75 5 69 6 50 84 70 20 48 75 65
63 85 72 13 58 66 82
40 70 22 43 4 哭 37 25 40 35 74 10 16 30 15 70 58 68 58
75 24 39 36 17 29 37
84 13 15 10 Tracy 92 44 65 25 57 41 57 62 67 41 92
2 7 82 55 92 58 1 31 50 51 41 7 87
25 2 4 42 31 25 笑 11 3 47 21 72 33 65 笑 54 Tracy 39 46
6 46 80 72 56 91 68 88 81 30 16 59 49 35 66 50
86 84 9 48 21 2 67 60 71 63 16 19 17 37
77 82 15 笑 40 63 6 84 80 1 18 34 82 75 22
39 8 49 29 6 28 43
44 32 笑 58 35 70 笑 Jialu 93 笑 93 88
1 36 18 笑 50 51 90 51
88 92 92 50 32 86 13 70 67 46 69 50 39 54 89 Tracy 79 87 44
30 81 39 81 80 29 78 64 70 93 14 93 55 Tracy 49
54 56 52 58 21 13 18 71 43 80 76 30 60 1 81 83 0
47 65 2 34 39 55 22
20 53 73 22 笑 61 76 15 41 Charlie 55 72 39 51 93 34
21 94 29 94 22 22 4 84
73 78 43 10 45
11 63 哭 24 24 55 5 33 69 24 90 80
86 91 53 32 32 76 15 20 76 54 50 41 63 55 Jialu 80 6 76 11
83 77 26 24 87 30 50 3 55 71 10 29 55 83 16 93 73 14 46
57 2 Charlie 13 67 81 57 5 39 72 哭
92 60 93 笑 21 16 12 3 77
13 哭 90 56 20 26
Tracy 53 18 65 Charlie 17 94 34 72 2 49 5 56 66 62 93 41 84
78 80 21 7 8 75 75 39
10 47 Jialu 89 29 90 62 42 12 8 60 48 23 4 8 40
Charlie 36 21 29 44 22 87 94 25 16 91 5
94 82 33 34 42 59 4 73 83 13 45 93 86 Tracy 25 58
81 79 21 51 29 37 53 80
56 88 79 87 70 59 8 94 72 71 Jialu 55
85 82 0 19 63
8 57 61 14 34 36 92 16 37 40 53 77 83 63 89 94 18 13 43
44 47 7 56 75 6 56 1 93 40 74 93 74 65 88 93 81 52
67 18 90 24 15 Charlie 62 2 49 1 80 22 78 66 9
56 34 38 93 71 24
40 91 12 61 62 76 33 29
3 1 13 75 9 70 58 44 80 72 72 90 94
18 85 24 94 30 47 哭 25 75 18 53 Jialu 7 48 66 15
39 4 43 70 64 30 30 48 38 70 68 57 64 Tracy 67 94 Charlie
86 61 73 38 69 53 74
89 5 57 31 84 89 哭 52 47 61 27 Tracy 28
4 55 44 45 55 66 17 72 64 Tracy 2 92 44 29 86 82 Jialu
64 Jialu 76 26 79 15 3 60 34 56 10 58 52 46 8
14 14 53 47 31 56 0 84 9
32 63 14 17 58 28 67 71 16 44 Jialu 43 90 55
24 13 17 94 68 62 78 56 44
82 73 12 79 65 Tracy 11 64 93 38 42 85 48
15 14 60 哭 90 32 80 81 3 92 39 18 15 30 50 0 18 35 89 84
88 84 71 34 20 71 16 83
20 80 85 8 51 28 81
13 4 69 93 68 14 72 0
30 51 31 92 60 45 74 12 10 30 41 55 69 43 72
17 65 94 4 63 8 67 60 92 11 83
23 1 33 85 14 39 79 11 55 25 35 14 46 93 哭 71 69 16
6 72 46 65 35 1 37 57 44
44 40 43 76 21 7 42 62 20 4 60 46 82 35 64 36
38 24 34 83 79 36 2 27 39 59 35
47 15 93 88 55 29 17 4 32
15 58 30 9 73 Tracy 22 61 63 82 64 29 22 57 52 28 51 29
48 10 83 93 23 63 76 23 57 36 42 58 0 83 24
62 94 25 12 59 49 38 36 53
19 46 24 36 7 8 45 84 64 69 31 21 72 8 37 64 55 30 5
51 35 14 56 37 30 Jialu 61 90 87 56 65 4
70 44 92 哭 24 10 82 69 笑 77 19
58 33 10 61 31 33 Jialu 1 29 19
49 22 77 89 31 85 32 70
68 13 Tracy 哭 40 49 7 3 1
笑 24 28 73 1 94 94 79
7 85 33 67 54 3 91 Jialu 78 45 69 21
76 42 93 65 76 50
51 10 69 83 31 86 81 28 65 32 91 78
65 71 18 46 笑 35 88
73 84 75 42 7 65 10 35 52 6 Charlie 19 87 10 56 15 69
81 94 89 10 2 46 15 79 9 32 66
90 91 10 62 29 93 Jialu 19 44 Charlie 5 19 Charlie
80 2 65 35 80 13 37 89 39 76 50 27 3
48 65 27 笑 23 31
51 38 78 65 13 32 45 37 47 44 84 66 57 59 73 7 34 Tracy
47 Jialu 45 8 19 44 89 47 74 57 2
17 1 17 47 92 47 27 61
93 57 26 88 Charlie 20
71 12 8 笑 63 哭 46
67 32 50 58 Tracy 66 34 33 62 47 18 45 93 91 42 39 36 83
76 86 6 37 笑 65 44 27 42 65
16 43 21 9 77 81 24 24
16 30 89 88 10 57 44 29 19 78 42 86 88 46 92 45 82
8 49 41 20 30 32 38 39 89 82 19 39 27 49 63 87 83 24
5 31 37 笑 55 78 3 83 90 77 11 71 49 11 79 52 1 27 42 20
50 58 29 93 90 85 43 86 19 68 94 87 12 66 10 73 27 36 33 18
52 58 72 2 81 45 30 71 81 82 81 25 Charlie 46 59 89 77 14 21
66 42 30 69 3
1 69 52 58 35 Tracy 49 77 52 69 11
38 47 32 36 43 23 52 27 84
81 75 78 4 21 50 13 35 71
79 29 84 52 4 58
28 93 29 61 5 38 7 35 87 89 85
44 37 57 5 2 30 23 19 59 47 5 14 哭 67 32 37 80 58 18
91 0 2 20 3 5 2 33 86 71 43
64 31 44 2 52 39 2 93 25 79 14 6 28 25 90 67 27 83
46 65 36 笑 10 17 29 11 26 26 18 75 44 63 87
Tracy 85 Tracy 82 46 34 14 29 55 91 75 Jialu 25 2 41 1 68 0 15 76
56 17 68 93 46 87 35 46 80 Jialu 32 72 69 7
27 56 92 51 54 93 40 哭 哭 15 51 56 37 55 66 34 Jialu 17 Jialu 84
16 19 77 93 18 92
37 16 1 16 77 46 46 47 52 58 74 37 63 9 20 32 61 78 87
47 39 12 31 8 42 65 Jialu 50 27 28 9
15 1 哭 1 72 4 82 80 70 39 6
52 5 13 Charlie 52 93 38 15 33 89
87 46 0 16 53 7 80 81 32 13 93 87 36 哭 12 18 84 89 23
Jialu 13 46 48 28
53 48 87 73 20 Charlie 7 63 93
1 44 68 57 58 86 82 1 58 73 62 57 41 5 92 13 19 27 3
88 51 Jialu 43 11 94 27 0 42 46
62 79 58 14 91 Jialu 59
32 14 7 11 8 15 59 0 89 37 Tracy
2 42 22 4 88 7
5 6 80 41 53 85 24 42 63 0 81 41 56 59 66 15 75
4 14 33 41 54 1 0 18 28 66 78 0 24 53 41 65 91
62 8 53 47 52 51 28 Charlie 17 82 6 81 52 10 2
44 39 54 93 44 43 42 6 91 56 22
Tracy 61 92 61 12 38 92 23 74 55 90 86 77 30 4 44 23 87 笑
50 57 0 79 57 27 22 91 23 44 39 57 17 10 25 Tracy
76 57 11 49 8 哭 15 3 57
46 20 72 52 7
69 31 23 26 72 17 Jialu 15 20 54 13 35 16 84 52 6 83 80
48 17 22 68 3 71
22 56 58 21 24 44 20 49 86 10 哭 69 71 7 43 48 37 30 89
8 76 8 52 20 80 78 2 27 39 1 47 6 Tracy
36 7 49 45 29 41 20 75 16 20 0 52
86 87 4 20 62 19 87 17
27 13 87 41 14 79 50 6 85 76 94 2 54
笑 72 18 60 69 48 10 61 80 66 35 88 62 4 40
73 25 91 62 73 11 10 11 66 79
43 44 8 71 51 66 87 33 25 70 77 80 12 54 3
19 80 11 65 80 24 51 34 35 21 Charlie 84 19 80 34 50 81 77
4 44 44 81 47 39 40 47 23
24 20 63 59 82 31
37 3 48 71 70 44 25 92 47 27 22 77 66 31 51
62 6 1 77 70 20 46 79 79 82 23 73 63
2 79 90 52 91 50 55 48 73 10 92 76 82 1 39 50 15 62 28 81
46 86 24 69 11 2 92 49 3 70 54 76 7
23 81 39 39 71 笑 42 7 31
3 53 91 71 75 57 8 33 Charlie 85 41 哭 54 22 25 62 67 65 44 93
18 84 91 65 52 90 74 86 59 78 30 93 62 Jialu 81 12 79 38
73 43 28 3 71 73 78 16 57 26 59 72
25 93 29 70 35 36 47 2
6 64 7 21 60 33 40 34 71 43 86 54
11 32 74 59 62 73 49
72 89 Jialu 26 27 63 13 92 50
8 52 34 72 7
19 72 31 48 5 51 55 89 12 50 21 49 72 78 10 74 14 Jialu
49 42 81 41 68 42 11 87 32 86 7 29 0 78 57 81 8
78 37 7 哭 82 57 57 19 86 41 66 16 20 8 0
53 5 43 40 29 26
73 76 86 79 69 6 88 21 92 10
15 5 84 14 32 57 Tracy 11 47 40 35 70 51
11 82 17 20 71
23 76 4 52 42 63 85 24 73 64 35 23 43 84 16 46 49 62
19 51 65 53 49 81 88 55 58 78 笑 74 94 笑 81 44 41 72
11 25 18 80 29 67 27 14 86 44 81 14 43
1 15 哭 64 13
67 66 78 34 27 70 69 6 94 43 13 41 64 56 41 84
笑 6 41 71 29 72 59 90 88 41 5 33
64 52 68 8 22 93 56 93 81
63 82 35 72 73 56 84 60 49 62 哭 Jialu
4 83 63 33 75 77 27 43 26 16 47 68 1 91 66 30 22 88
3 69 78 5 30 70 6 21 59 0 40 78 80 93
43 57 80 83 68 42 67 20 1 8 74 26 15 Charlie 37
Jialu 33 78 40 72 41 28 90 10
66 9 87 0 Tracy 94 74 67 67 57 76 17 5 76 60
19 80 7 77 32 7 25 63 32 笑 24 1
27 32 11 59 58 36 36 32 78 3 43 35 17
4 4 8 10 53 60 57 60 34 Charlie 47 78 75 50 3 39
35 29 3 69 13 34 77 3 13 34 10 84 93 哭 15
27 哭 19 24 25 4 46 Charlie 62 55 16 74 28
25 6 69 Jialu 笑 77 90 51 88 30 17 77 31
34 1 24 36 92 76 1 14 66 哭 66 哭 40 1 Charlie 92 36 52
34 19 38 26 94 3 哭
Tracy 87 15 32 40 9 78 23 28 20 57 83 77
89 12 4 13 17 56 54 45 41 71 75 65 52
82 25 71 27 31 13 25
79 44 89 Tracy 31 8
23 0 55 92 58 22 84 4 54 1 93 57 83 28 43 90 52 10
18 70 24 24 32 46 87 28 8
40 61 19 23 37 24 9 31 53 17 22 94
92 89 42 57 88 61 20 74 1 34 91 笑 45 91 40 10
76 Jialu Tracy 68 84 72
10 60 88 11 94 46 19 58
37 45 26 71 72 29 25 12 28 50 Jialu 27 39 82 55 33 19 81 9 87
17 59 89 65 63 54 88 87 6 70
88 30 87 71 27 63 94 45 76 77 55 Charlie 40
哭 32 65 35 73 73 19 89
58 10 78 0 60
23 70 82 15 3 50 34 48 78 18 34 87 53 89 88 73 7 67
11 75 57 47 74 51 94 45 71 73 83 Tracy 18 78 13 22 64
94 62 34 94 36 28 39
51 42 75 69 哭 53
82 70 30 25 22 6 84 3 18 46
76 78 88 24 72 8 83 39 22 90 74 12
2 53 Charlie 15 94 15 85 60 56 49 83 33 67 88 71 56 35 32
93 64 0 7 48 16 65 9 83 5 5 44 34 78 71 75 36 0 14
27 87 47 Charlie 8 14 88 4 17 65 29 51 59
74 44 0 26 61 43 38 64 19 48 56 7 29 56 92 72 58 83 67
94 41 9 65 32 23 74 27 38 31 50 61 84 35 84
22 83 81 85 21 66 29 24 Charlie 89 41 23 37 44 3 55
16 25 48 46 2 42 55 79 17 33 79 Jialu 5 12 41 35
67 77 28 56 71 31 Tracy
69 58 24 25 47 23 64 48 39 86 93 20 9 49 9 88 26 93
69 22 89 19 72 18 29 7 0 53 40 10 43
48 13 18 Tracy 3 76
37 25 3 42 6
50 35 57 7 66 66 13 18 43 21
4 30 0 40 54 36 54 53 18 68
49 Tracy 90 24 9 43 38 Jialu 44 62 78 21 11
94 10 92 22 54 Charlie 42 53 65 39 10 57
哭 86 52 72 20 51
67 24 27 41 59 93 47 87 4 88 88 86 60 93 51
43 18 16 82 90 22 36 63 55 91 64 90 15 84
80 77 88 7 28 49 31 34 4 9 33 9 39
2 30 62 92 90 34 54 43 17 64 2 25
19 57 59 81 35 21
Jialu 94 2 64 93 15 86 78 2 53 12 24 34 86 5 33 58 2 81
27 79 60 83 16 65 4 75 10 58 22 9 42 42 27 41
8 55 13 81 79 46 65 85 64 45 笑 42 30 93 63 1 哭 59 10
2 41 18 Jialu 89 79 83 74 47 52
34 57 75 22 57 78 44 84 笑 86 13 70 笑 77 45 87 59
41 86 22 84 64 46 78 4 84 94 52 34 34 67 4
6 68 71 Charlie 50 25 40 22 8 89 82 10 49 53 33 81 83 38 64 19
32 70 65 73 60 67 22 15 3 89 Tracy
25 43 Jialu 33 2 8 51
笑 75 31 38 8 Jialu 71 44 45 55 78 78 25 9 15 89 29
54 88 59 26 11
56 44 64 18 70 37 29 82 62 14 16 Tracy 2 7 8 29 79 63 32 84
40 25 88 53 42 23 57 11 21 13 哭 24 57 6 47 45 31 66
25 63 Tracy 52 71 78 30 90 22 67 34 51 17 81 89 80 62 10 15
94 Tracy 90 32 35 55 14
66 22 64 笑 Jialu 69 5 19 63 2 74 83 71 84
21 79 17 6 2 14 88 84 11
45 51 37 49 67 34 62 45 48 86 55 85 17 94 79 90 16 80 35 哭
14 61 23 69 1 87 71 56 28
3 11 17 25 20 17 83 14 74
哭 58 48 12 0 75 11 79
61 19 86 Tracy 78 12 0 59 28 3 50 91 68 42 76 48
66 84 78 14 75 30 82 64 65 33 68 12 24 23 64 81 74 31
58 66 76 37 32 74
17 53 53 笑 7 77 83 73
56 47 40 66 88
71 33 70 85 71 34 42 10 65 22 87 31 9 75 20 88 86 85 55
68 68 48 25 72 0 10
12 3 86 21 37 41 17 94
75 77 91 92 11
66 51 5 51 62 77 62 70 10 70 39 91 66 36 76 15
46 85 93 24 39 14 78 Tracy 62 59 88 57 27 90 79 58 93
76 74 8 27 65 76 87 17 42 80 73 Tracy 11
87 60 55 52 87 39 34 70 83 66 4 3 79 72 83 91 49 59
7 13 43 76 65 18 88 4 75 49 85
46 35 52 55 23 86 91 88 66 61 86
25 40 33 27 47 86 26 1 43 78 90 88 14 86 70
12 4 79 38 20 70 67 92 12 33 26 36 83 20 61 68 61
45 45 45 18 65 88 61 61 55 35 34
79 20 65 79 64 73 89 90
22 71 52 11 42 92 45 42 89 89 92 39 笑 23 39
33 25 60 8 34
笑 68 30 17 10 22 33 85 10 89 41 Tracy 76 54 12 27 19 4 10 62
19 26 0 78 56 48 90 Charlie 55 72 26 78 68 19 61 44
37 2 91 78 13 47 32 62 43 86 2 79 27 70 33 50 6 14 39
71 33 74 51 27 58 46 21 0 14 76
55 92 79 21 80 78 15 62
67 63 18 39 29 46 11 25 9 89 19 71 94 72 51 29 19
15 43 75 71 48 73 68 1 31 28 73 59
60 40 68 91 60 46 4 68 71 76 50
10 33 61 45 65 23 58 Jialu 51 Tracy 19 哭 23
19 42 64 38 Tracy 51 19 31 12 哭 61 83 45 26 93
70 12 42 94 3 70 83 39 3 52 40 71
12 82 0 6 14 1 47 28 13 11 18 Jialu 44 Tracy 75 36
6 60 0 哭 2 40 59 Jialu 70 2 39 19 93 14 12 74
32 88 85 17 34 19 77 55 7 38 93 28 50 90 63 82
Charlie 73 笑 75 35
10 57 67 64 笑 41 31 Jialu 75
51 31 60 73 64 29 83
21 14 5 哭 6 1 61 34 11 87 5 71 55 59 88 52 10 8 16
88 19 0 37 10 74 23 72
88 39 94 10 Tracy 84 24 28 16 18 22 27 89 45 58 1 87
37 65 64 43 29 3 33 88 3 22 27 62 Charlie 86 18 23 0 59 9 92
62 29 43 41 82 70 89 73 36 54 41 94 哭 Charlie 77 哭 7 93 54 15
31 27 65 91 16
59 54 49 69 43 71 82 80 18 2 59
11 12 28 94 1 26 8 25 9 89
79 29 1 58 1 Charlie 84 18 33 31 40 14 45 62 76 82 72
77 3 哭 93 37 33 81
48 48 25 80 30 60 9 87 68 38 34 65 36 32 67 28 80 50
33 20 89 77 43 41 63 48 25 7 37 30 56 67 21 14 7 22
14 67 4 7 Charlie 86 31 2 44
Charlie 46 0 39 47 19 92 41 85 29 Tracy 85 92 61 Jialu 9
58 62 50 8 0 61 30 74 44
15 7 93 72 87 57 1 75 26 16 42 7 80 11 5 0 58 28 0 15
17 73 63 94 21 16 26 72 69 24 84 92 75 19 48 22 41 32 4
4 71 47 8 18 42 51 69 笑 9 25 18 9 22 15
9 69 17 71 3 71 21 7 77 67 81 2 92 69 87 38 92 1 66 47
77 57 59 8 83 83 22 51 79 Jialu 43 33 90 51 92 49 54 94
87 8 47 13 0 64 Tracy 15 73 21 92 55 78
84 88 47 44 Charlie
71 93 60 25 82 46 30 19 Charlie 8 93 12
67 32 28 0 55 81 24 67 7 68 77
41 45 57 74 36
71 49 66 25 86 83 80 26 34
29 26 57 16 33 4 76 61 19 68 17 40 71 46 笑 9 74 Jialu
87 31 85 77 54 19 70 32 45
86 94 60 67 Jialu 笑 25 8 10 81 31 94 3 29
5 65 22 哭 33 57 52 Charlie 63 67 44 91 69 58 64 80 60
23 43 18 85 44 33 Jialu 26 53 9 23 93
13 1 23 80 85 67 Tracy 68 Jialu 80 87 笑 34 65 92
83 4 17 40 13 9 74 0 69
26 58 57 24 49 21 61 6 8 76 20 51 47 47
38 61 80 75 47 37 0 26 80 64 8 40 72 51 5 40 41 23 39
46 Tracy 68 66 58 2 0 38 80 29 57 32
34 47 77 39 72 41 0 17 11 37 64 93
47 36 31 6 37 79 11 70 53 45 59 62
11 47 20 5 56 93 2 67 18
5 76 86 81 92 59 43 34 7 Tracy
77 74 73 Jialu 75 31 45 1 80 17 Tracy 14 3 54 49 34 88 85 87
38 13 30 8 64 Tracy 57 20 79 54 21 92 15 88 Jialu 8 59 29 51
19 60 66 52 74 34 87 17 90 笑
18 84 39 70 81 56 11 79 68 63 87 83 59 42 69 66 19 26 52 83
18 91 Charlie 32 77 21 48 41 55 18 71 92 48 49 84 1 哭 33 27
43 49 92 25 46 62 54 27 78 68 21 12 65 27 73 93 52 3
18 90 12 82 Jialu 54 Tracy 48 88 笑 17 14 19
66 35 0 10 70 17 21 15
67 3 18 21 43 74 86 23 69 34 0 62 49 26 69 Jialu 85 81
85 77 33 66 5 85 83
29 53 31 29 81 4
20 Charlie 13 56 80 51 80 21 81
40 70 26 23 67 71 4 23
28 30 12 11 75 78 4 14 53 23 59 70 42 Charlie 8
30 57 92 59 93 36 48
61 2 93 21 25 29 34 Charlie 85 81 81 85 8 Charlie 24 笑 2 61
19 72 笑 8 39 22 1 43
32 93 88 59 53 44 32 69 56 1 15
0 32 0 44 4 44 56 笑 62 67
25 66 82 5 44 28 8 67 84 42 8 30 81 21
84 70 23 74 71 15 36 16 51 40 79 82
24 60 15 51 10 29 58 35 62
75 78 11 Charlie 22 92 81 14 88 5 12 41 65 3 4 3 4
72 24 16 18 13
55 82 47 42 9 44 70 23 Charlie
89 94 30 70 76 32 18 27 43 17 25 6 笑 86 Charlie
46 29 6 59 80 29 21 71
16 83 93 40 43 60 14 52 53 38 41 69 62 77 32 37 94 24
17 84 45 17 33 67
54 66 34 47 13 85 64 41 28 83 35 32 65 94 46
69 82 50 28 0 68 20 92 63
44 72 2 79 23 9 62 74 60 24
40 62 47 61 Charlie 哭 84 15
38 42 22 76 24 41 77 60 65 64 10 16 35
31 84 45 44 Charlie 32 71 76 73 20 36 45
50 21 77 22 0 32 27 83 27 94 76 88 86 40 18 90 4 50
1 70 15 86 9 64 24 90 72 50 79 8 90 36 59 68
39 23 78 67 80 笑 88 87 7 56 87 8 53 4 12 75 3
59 32 83 88 10 46
68 93 25 Tracy 60 19 55 84 29 50 19 21 笑 83 61
7 17 4 51 6 4 77 33 67 19 47 86 50 45 74 55 36 65 笑 77
61 56 36 12 63
76 68 54 37 54 86 93 90 65 44 56 18 23 64
71 83 41 75 17 43 91 43 82 36 20 33 31 66 85 57 38 68 Jialu
笑 0 70 20 46 10 64 47 63 65 59 81 83 70 48 33
77 50 14 49 60 10 52 3 58 19 2
11 笑 60 29 13
39 Tracy 43 58 93 17 16 35 48 54 51 42 80 28 20 22 93
73 7 Tracy 58 哭 74
62 22 74 13 哭 7 59 90 83 28 5 56 90 55 91 36 笑
72 86 61 39 92 56 36 71
35 34 12 13 21 Charlie 80 36 11 44 65 52 61
20 16 88 64 22 61 54 90 22 32 90 87 1
54 66 哭 83 23 79 85 56 55 30 51
31 Charlie 21 32 49 53 62 29 20 11 18 91 0 7 93 57 61 89 Jialu
16 50 66 31 71
15 71 Tracy 4 Tracy 21 72 27 12 14 40
27 34 49 85 90 61 68 33 24 24
13 83 42 90 46 3 36
25 93 10 50 57 22
78 74 85 63 笑 0 81 3 3 50 63 75 24 18 38 42 54 哭
5 13 22 哭 34 47 92 28 1 73 77
81 85 1 38 36 79 18
77 27 19 62 笑 11 25 14 6 53 73 48 14 45 21 77 61
16 笑 22 28 41 39 32
13 45 62 16 34 4 7 56 5 笑 61 55 51 37
2 92 43 61 20 62 0 10 70 34 83 60 40
32 59 笑 81 6 80 3 21 52 73
30 43 29 4 94 84 25 85 33 38 66 52 35 41
28 45 45 28 10 2 3 8 29
83 51 94 76 28 67 77
75 27 79 71 23 27 54 24 52 43 34 79
87 27 46 40 47 26 Tracy 19 12 54 25 91 4
28 90 68 62 12 19 73 77 22 92 笑 93 54 28 14 48
60 81 17 61 66 20 86 6 83 12 43 20 8 38 35 84
33 46 37 41 1 44 70
43 哭 57 78 73 10 0 68 64 14 74 9 25 52 24 29 1 40 8
94 2 45 89 44 47 74
哭 67 80 19 0 20 66 Charlie 53 93 94 5 0 77 笑
42 63 7 55 91 28 13 Tracy 39 5 Charlie 40 Tracy 17 89 75 93 41
56 4 46 75 笑 67 45 47
74 33 5 8 78 80
88 58 91 39 67 83 Charlie 笑 Jialu 37 71 9
11 47 3 39 72 Jialu 2 23 58 91 40 20
14 13 44 笑 1 22 31
85 55 42 51 88 17 38 86 51 16 55 40 60 Charlie 15 哭 69 82 38 14
3 69 5 52 22 16 43 Charlie 70 40 55 44 67 91 91 10 22 Charlie 55
77 30 72 15 39 12 49 30 48 93 Jialu 48 32
23 75 61 51 22 43
20 26 80 59 39 49 40 34 80 26 83
33 15 8 54 12 10 71 47 34 8 82 35 91 53
1 39 92 94 67 47 2 91 17 67 笑 75 26 87 笑 40 94 56 11
60 56 18 32 87 84 37 50 63 7 39 64 70
6 93 11 53 38 88
53 2 20 77 20 68 42 13 2 70 85 26 1 7 69
65 77 11 1 44 69 50
51 46 24 36 11 Jialu 87 5 74 20 46 89 74 20 64 14 89
44 0 4 91 48 85 77 57 37 21
44 17 31 65 49 18
55 24 26 85 笑 20 66 55 67 90 80 18 26 38 33 84
75 49 62 20 67 14 54 60 19 86 75 笑
10 1 12 41 91 81
44 52 55 笑 82 55 85
5 34 4 43 50 46 77 88 89 73 72 45 77 15 82
29 60 84 26 53 83 4 79 27
87 69 74 59 56 25 44 35 47 25 55 69 17 57 1 29 85 11 41
88 46 56 3 47
7 58 19 81 70 53 19 哭 35 40 83 38 12
39 90 94 71 65 37 0
48 88 51 94 19 53 92
27 68 49 38 17 15 47 37 81 66 笑 52 67
51 46 27 58 40 30 33 61 88 4 79 38 23 75 66 82 8 5 32 92
9 56 38 54 27 68 54 64 23 58 54 哭 77 27 78 20 56
56 83 73 60 61 67
19 22 45 58 19 93 28 19 59
76 72 35 6 13 50 84 47 91 41 76 23 65
42 52 34 44 83 81
41 94 88 46 15 37 91
84 30 哭 62 Charlie 64 81 65
75 58 64 88 93 45 81 16 92 53 24 36 哭
34 88 53 62 83 68 25 44 47 10 56 73 83 45 41 67 9
Jialu 30 54 14 87 81 50 19 83 39 Jialu
88 85 85 41 45
91 52 49 38 Charlie
2 22 94 71 65 11 73 6
8 80 81 75 26
18 36 91 23 64 0 68 35 93 93 Tracy 23 55 8 76 11 64
33 笑 56 58 81 41 81 27 88 45 65 85 54 41 Jialu 53
53 13 笑 75 62
Jialu 60 38 15 71 Charlie 43 72 76 45 52 89 86 44
75 50 64 91 64 79 67 72 21 34 63 34
42 29 46 91 70 32 20 58 46
82 31 5 56 36 46 25 49 75
16 65 44 38 76 62 29
10 45 32 47 34 Tracy 59 87 32 44 62 18 1 16 42 49 61 50
83 6 60 90 85 18
67 74 Jialu Tracy 61 5 42 58
56 41 39 37 30 13 55 58 44 79 笑 67 35 86 94 33 19
22 75 52 41 79 66 Jialu 9 56
37 42 69 52 86 12 45 92 51 48 55 85 24 59 25
87 65 21 75 79 12 42 85 笑 44 75 80 77 66 30 4 9
75 89 20 70 37 56 58 22 53 88 6 29 13 41 3 39
33 52 45 53 56 66 83 16 77 80 88 74 57 41 62 32 50 36 33
64 32 52 57 82 哭 82 86
Charlie 36 50 31 10 60 61 59 64 61 32 30 13 13 54 59 56 33 77 15
19 70 59 83 29 57 36 58 4 66 4
43 78 63 14 64 15 86 93 12 46 49 19 94 83 66 40 72
57 78 41 71 30 76 35 61 90 38 39 2 42 62 65 71 21 52
84 48 0 17 57 72 2 52 22 52 43 32
哭 47 40 42 4 13
91 7 93 28 62 14 58 36 4 14 55 22 36 27 41 83 17
75 65 11 79 10 13 14 46
57 64 19 16 56 35
42 36 60 18 81 50 72
49 17 94 47 45 11 13 72 54 18 82 94 Jialu 14 82 88 91 58 29 11
2 62 75 26 86 0 22 84 26 2 25 43 65 73 78 Tracy 24
92 71 70 42 44 84 65 88 70 74 43 77 17 58 53 69 94 0 62
64 52 73 2 49 47
25 94 1 36 36 12 Charlie 26 80 55 50 10 47 81
33 21 0 70 13 85 52 67 81 47 32 49 48
2 48 84 92 78 82 21 85 30 17 3 14 71 47 64 31 11
60 47 8 9 72
Jialu 34 6 85 哭 37 4 88 38 45 52
85 57 3 68 91 62 50 68
46 11 84 24 74 60 37 73 18 15 31 62 55 83 37 47
44 50 80 70 8
40 65 13 13 46 80
79 68 43 6 25 92 50 49 73 51 19
34 4 11 29 74 55 20 81 55 86 16 哭
68 29 60 Tracy 33 72 0 87 9 0 11 Tracy 23 35 84 20 65 Tracy 53
50 14 41 53 31 59 60 60 26 27 39 64 86 92 3 17 50
1 22 75 27 27 16 73 Jialu 24
78 58 91 23 10 82 81 37
5 7 82 52 50 4 36 40 66 30
66 22 66 40 81 72 2 5 61 33 85 8 笑 71 54
28 50 75 15 87 91 13 64 44 35 29 80 43 14 10 16 1 26 16 5
85 82 3 34 4 61 60 85 45
94 46 20 8 20 26 66 Tracy 3 6 24 18 6 82 39 1 55 80 70 61
90 39 0 24 Tracy
36 0 5 笑 17 81 74 0 71 82 23 69 62 7 15
38 32 32 78 36 1 59
76 30 74 41 6 29 84 50 64 22 29 94 42 71 36 28 35 4 92
80 34 44 57 36 16 73 34 44 24 1 43
88 47 37 54 17 88 38 哭 77 47 45 60 35 77 12 Charlie 69 1
65 9 Charlie 8 45 27 70 54 27 46 48 73 30 57 86 41 38 78 37
35 85 33 51 76 88 69 71 Jialu 19 14 28 77 62 62 54 66 3 笑
28 28 38 19 10 58 83 9 72 30 5 54 53 80
16 65 16 70 13 21 37 1 10
16 81 52 11 27 哭 57 60 36
19 55 47 75 55 85 79 59 16 7
52 11 40 34 57 55 8 34 14 50 80 47 11 89 79
91 62 3 28 85 44 57
54 64 46 54 Jialu 59 20 Tracy 49 48 13 20 44 14 31 34 52
92 3 54 13 24 82 52 3 5 2 1 49 6 78 83
91 75 26 59 43
79 13 73 15 笑 71 14 4 42 37 14 84 1 56
4 31 7 75 35
43 笑 93 88 67 0 54
6 41 80 62 51 87 19 92 77 3 Tracy 54
7 63 78 64 8 66 63 89 68 9
9 28 38 51 Tracy 78 72 19 58 58 81 9 80 44 49 18 13 2 87
79 71 43 5 94 3 91 59 10 60 Tracy 28 44 23 7
41 41 70 80 54 61 23 51 46 76 64 85 61
27 94 63 32 92 53 Charlie 58 64 84 87 71 5 86 31 23 93 74 15 83
63 7 94 73 67 7 49 81 24
20 3 0 59 23 1
84 1 38 9 71 77 64 45 80 8 53
49 23 30 28 94 47 Tracy 78
63 59 0 77 35 笑 93 67 62 43 35 86 33 80 70
77 89 52 12 6 70 29 Charlie 71 20 3 72 78 31 74 39 5
12 50 87 41 18 19 36 87 31 75 64
37 Tracy 6 83 59 30 79
19 60 43 9 15 39 35 72
84 42 1 94 46 85 94 85 11 11 59 42 28 43 41 40 30 52 89
77 56 51 38 39 0
88 62 22 14 32 74 83 37 16 69 47 42 3 56 9 32
73 36 37 3 74 70 31 85 15 58
90 47 56 89 49 81 15 19 71 48 9 40 54 81
48 68 Tracy 38 37 47 26 21
84 Tracy 78 82 37 62 5
50 65 30 14 87
67 4 72 75 23 38 9 69 83
87 64 84 84 2 91 65 68 1 76 59 21 64 38
56 53 11 13 16 93 25 9 80 13 94 10 44
85 71 73 87 62 Jialu 9 80 93 24 33 41 71 13 35 77 87 74 7
哭 55 34 14 57 67 65 84 87 61 44 67 22 Jialu 52 19 76 49 74
42 Tracy 32 52 64 94 48 23 73 26 47 69 12 88
60 33 67 33 31 15 43 7 4 90
3 58 8 Jialu 12 23 73 2 0 89 76 36 2 46 49 55
51 33 19 86 52 0 Jialu 68 70 84 61 30 63 76 2 17 9 34 72
92 56 Tracy 24 86 12 48 44 0 88 62 40 80 37 64 6 62 38 25 76
63 79 81 20 75 48 18 90 Tracy 92 1 81 34 5 17 20 57 49 16 44
76 47 66 54 50 16 14 85 64 4
44 67 62 4 50 85
40 74 93 64 8 54 28 50 69 21 70 59
69 40 55 25 88 65 89 10 24 22 88
25 56 34 73 82 5 44 25 78 22 15 8 64 87
86 69 53 52 90 63 76 78 43 78 2
33 80 22 84 80 47 86 50 82 58 33 60 73
30 35 60 63 88 59 54 Charlie 笑 7 哭 69 64 1 30
81 44 46 33 80 86 57 64 68 25 Charlie 17 Jialu 18 39
86 61 65 14 16 57 75 29 34 11 12 27 3 89
44 笑 61 69 Charlie 20 72 57 76 19 75
21 44 1 42 Tracy 31 38 25 72 哭 51 46 84 82
35 36 33 16 Charlie 31 28 74 80 27 25 Tracy 77 92 67 70 48 64
62 67 79 9 19 68
5 48 15 55 47 47 65 70 45 75 10 8
66 66 3 67 24 60 67 3 14 37 87 89 90
87 75 14 24 81 22 61 32 4 6
86 64 66 36 21 46 85 60 93 75
92 94 89 89 42
59 81 85 48 23 23 89 92 66 12 65 11 70 20
50 11 41 37 91 86 83 65 85 21 89 69 4
71 73 68 71 38 31 22 4 20
52 55 22 72 82 5 93 1 13 80 7 43 72 66 60 91 15
92 54 82 77 Tracy 87 89
66 91 20 29 91 19 28 13 29 23 36 30 18 87 54
48 78 14 9 42 20 64 78 40 61 71 82 87 38 74 62 88 59
85 8 22 46 94 90
47 37 50 Charlie 46 82 75 91 80 36 78 57 46 44 57 6
62 16 72 88 20 42 69 47 23
18 69 66 1 40 哭 5 54 88 84 48
48 71 17 13 Jialu 37 92 12 68 88 74 93
47 1 27 10 31 44 19 8 88 17 63
65 64 Jialu 44 51 21 26 47
10 74 64 53 33 69 38 48 80 37 49 68 23 Jialu 30 21 5
65 笑 69 10 Charlie 22 67 Tracy 51 93 60 73
80 86 14 61 50 36 49 Jialu 53 87 86 51 8
67 72 53 33 74
42 79 哭 66 54 8 57 52
90 18 15 63 25 50 83 34 37 50 92
71 40 37 58 42 Tracy
42 58 78 91 17 Tracy 53 36 0 75 50 64 79 82 35 笑 75 12
14 53 36 73 0 哭
11 24 65 84 76 90 18 0 60 41
59 45 33 57 21 25 87 54 91 34 Tracy 5
24 40 10 30 82 8 3 24 72 68 70
52 57 8 53 87 88 32 87 25 64 7 1 21 52 40
Tracy 86 73 84 5 82 39 哭 Charlie 笑 70 26 Charlie 11 58 78 79
93 73 55 42 56 81 14 90 59 13 35 6
7 36 75 70 43 84 15 52 27 69 31 15 74 93
哭 5 35 6 2 82 0 4
24 86 71 Tracy 66 25 81 86 20 44 89 73 17 2 63 68 78 49
83 11 11 64 33 53
45 71 56 24 15 79 20 61 14 19 92 42 52 41 9 28 34 79
87 43 94 8 47 55 88 哭 Jialu 67 50 64 31 25 74 52 55 13 61 94
8 82 48 哭 73 84 14
84 Charlie 87 28 93 54 1 哭 Tracy Tracy 41 74 22 33 11 0 93 55
20 52 26 1 38 哭 39 47 66 13 65 61
65 59 27 73 71 55 21 71 1
21 83 66 Charlie 63 55 16 24 30 76 43 45 31 73 57 45
60 32 1 57 3 23 20 5 21 71 42 31 61 65 20 51 1 82 34 21
30 8 24 13 8 笑 51 8 72 1 28 33 69 15 28 16 0
1 40 88 80 89 8
24 83 65 87 66 93 81 15 71 80 32 6
2 91 33 91 61 64 67 83
6 87 Jialu 28 5 63
Tracy 29 60 4 67 12 35 51 Tracy 39 65 2 15 46 41 13 89 56
59 53 56 10 7 39 52 70 45 58 90 46 16 哭 87
43 83 笑 8 44 92 Tracy 49 43 69 7 81 53 35 57 46 70 20
33 55 36 89 27 94 16 93 20 14 59 59 哭 73 4 78 63 64 0 39
30 40 75 82 75 72 50 79 2 93 27 37 73 62 17
82 59 90 15 38 Jialu 52 30 89 47 47 Jialu 16 49 82 76 Tracy 81 91 72
61 3 78 42 47 51 87
51 48 52 88 45 76 71 70 50 40 71 64 56 66 63
47 9 54 6 78 22 35 65 65 56 67 45 24 54 84
13 11 40 76 73 63 82 25 19 Charlie 23 55 13 1
0 34 70 90 34 60 55 Jialu 73 46
82 71 94 33 66 47 18
74 69 88 39 42 92 4 32 68 1 1
11 20 31 89 59 65 4 42 0 69 15 44 4 63 75 48 56 30
94 42 27 24 17 67 46 0 79
80 17 47 63 87 53 79 80 22 92 19
68 94 85 36 4 35 89 22 93 67 64 76 48 68 笑 1 54 28 22 37
21 2 26 69 46 9 38 60 23 24 83 80 89 39
40 Jialu 79 12 42 48 53 26 50 75 70 0 40 87 58
74 81 54 46 65 85 哭 36 57 Jialu 89 74 19 44
28 26 61 69 Tracy 44 5 53 49 63 41 47 5 42 17 40
23 72 69 63 42 哭 62 26 19 77 27
16 21 17 89 55 13 65 33 32 44
38 88 79 66 0 10 42 48 71 26
48 15 24 24 25 27 91 32
73 68 13 16 75 84 50 24 28
89 Tracy 0 46 27 52 0 32 52 73 53 49 42 33 82 40 Tracy 33 83 哭
Tracy 64 13 55 56 57 37 59 81 35
36 40 45 60 63 1
87 3 68 94 69 5 85 Charlie 60 34
5 67 41 61 77 5 30 78 14 24 4 85 93 89 55 59 78 82
87 49 87 58 43 11 32
53 70 48 37 55 7 哭 54 82 60 92 6 61 48 32 3 Tracy 73 66
61 10 59 26 74 27 76 70 2 58 6 4 12 17 78 77
50 54 20 34 24 76
12 0 14 12 5 7 11 61 24
56 5 13 45 Jialu 9 54 30 76 21 12 89
44 85 81 23 62 Jialu 92 88 7 18 25 1 3 50
21 35 68 47 86 4 Jialu 10 46 89 6 65
54 31 9 50 63
64 68 13 15 哭 23 65 66 46 6 46 88 87 64 24
3 Charlie 13 81 3 44 70 66 2 40 65
12 85 69 26 15 28 53
42 65 93 23 87 42 24 43 26 笑 21 88 82 38 25 66 33 23 26
11 91 65 24 79 78 68 25 94 33 69 20 53 9 72 55 6 Charlie
36 Charlie 37 8 13 92 88 40 4 14 40 92 67 6
36 36 49 11 36 哭 9 1 14 8 6 27 Tracy 66 44 76 0 17
82 64 77 16 23 32 19 33 84 73 83 23 笑 20 84 44 11
34 66 75 6 0 43 69 20 52 58
Charlie 57 哭 11 15 83 30 89 17 34 36 87 79 40 28 7 88 91 36 90
24 8 78 39 91 83 71 25 64 64 72 50 27 25 12 75 87 58
78 46 69 86 73 33 52 50 16 4 44 64 62 30 21 77 75
51 72 72 80 6 43 57 笑 57 47 90 50 63 58 71 9
4 64 15 Jialu 46 59 21 33 93 46 75 60 31 20
11 64 54 24 80 58 27 46 笑 61 87
67 47 48 83 79 63 92
23 25 71 Tracy 75 62 76 38 30 34 5 哭 Tracy 66 哭 61 72
73 78 23 7 34 47
52 73 73 40 20 94 67 6 0 25 78 73
82 61 72 64 25 47 41 70 64 70 55 74 48 82 0 18 56
94 哭 67 87 Jialu Jialu 10 41 47 40 29 94
84 90 53 21 64 78
42 36 72 64 66 29 43 64 0 28 78 37 53
92 87 12 19 12 36 36 31 37 82 48 56 38 4 35 10 89 71 63 87
27 71 66 63 66 90 14 48 64 64 Jialu
21 10 72 12 62 40 89 38 21 82 38 69 Jialu 60 61 79
49 92 6 55 0 45 68 0 Tracy 42 64 25 10 82 84 91 10
32 47 61 59 28
17 76 74 67 65 73 63 53 92 70 76 88 60 28 88 87 34
18 29 Jialu 13 9 86 31 31 32 54 16 43 81 3 67
24 64 62 80 25 1 77 55 13 33 70 Jialu 40 Charlie 5 79 60 79 18 45
75 19 14 41 72 26 36
58 83 80 83 61 94 82 22 33 78
28 68 32 70 40 58
哭 66 82 哭 90 81 49 15 6 53 76 47 38 71 40 6 5 59 32 12
14 41 67 43 70 11 81 45 20 68 14 63 31 41
34 84 60 42 20 84 49 65 41 90 94 74
哭 51 2 93 57 42 54 15 77 71 0 62 80 Tracy 10 67 71 88
67 9 49 7 0 78 26 52 8 90 37 93 78 75 笑
91 64 82 73 92 22 65 25 59 80 6 75 32 43 64
27 34 Jialu 47 77 70 23 60 40 78 37 64 6 94 笑 26 78 55
60 19 51 81 53
76 8 24 90 16 62 0 40
6 13 81 Jialu 22
20 27 55 26 51 40 61 47 50 85 47 Charlie 40 6 42 37 79
25 27 73 19 76 31 89 86
Charlie 19 68 51 64 2 56 45
84 6 66 85 80 23 31 45 56 38 71 16 15 48 55 0 18 4
哭 77 11 56 28 0 90 2 84 Jialu 14 81 86 29 64 0 63 34 笑 63
18 22 76 40 1 6 89 49
85 62 13 33 89 笑 19 6 25 78
85 74 42 18 4 42 7 48 69 25 Jialu 76 1
85 20 33 70 71 68 14 83 34 2 94
7 57 22 25 50 93 32 88 62 78 23 48 59 79 67
81 91 27 41 34 39 43 笑 17 5 18 77 12 94 21 67
60 55 40 67 37 71 71 37 79 85 16 87 57 59
81 3 13 80 笑 14 49 82 58 70 30
48 43 26 47 11 78 23 61 54 25 21 15 68 37 58
19 71 60 72 76 11 72 63 34 24 86 Jialu 44 33 43 92 70
45 52 笑 93 87 71
62 43 26 93 23 32 75 15 83 51 3 40 Tracy 48 69 83 83 0
3 80 28 64 31 60 0 83 91
63 8 93 58 31 62
76 14 48 78 88 9 20 41 3 2 51 81 80 83
12 22 69 12 34 9 25 68 78 31 48 43 52 78 82 39
36 16 89 88 40 26 60 45 82 91 36 32 42 17 54 65 57
80 53 79 61 74 88 60 26 8 47 12
3 44 63 3 7 7 23 42 45
Tracy 55 40 16 91 46 92 78 59 11 Jialu 57 48 1 哭 44 Charlie
7 4 37 27 16 28 10 84 1 57 7 34 14 24
55 38 61 哭 30 28 84 47 45 Charlie 29 66
80 52 31 15 60 52 93 77 笑 25 72 66 28 86 85 63 35 哭 86 61
16 85 53 30 Jialu Tracy 43 38 92
73 45 71 0 78 65 81 21 83 85
27 71 77 74 91 66 29 67 59 6 93 5 78 24 79 94 2 52 10
47 笑 61 86 32 55 62 90 1 70 45 79 0 60
79 4 76 60 31
92 63 86 36 53 2 36 76 65 84 Charlie 26 8 19 49
Jialu 85 80 40 83 42 21 3 35 70 1 47 48 20 24 94 77 65 27
23 28 12 81 31 67 72 36 35
72 25 85 74 79 7 34 40 85 35 10 69 47 78
68 4 82 44 94 73 25
32 17 26 76 50 44 82 2 23 65 34 11 80 43 86 76
70 57 57 哭 28 24 70 12 42 84 Tracy 58 Tracy 20 91
94 93 41 41 43 81 38 86 30 16 86 30 60 20 42
10 16 4 59 4 48 59 29 94 24 58 64 68 12 51 53 32 9 50 79
87 84 87 51 76
77 70 4 17 73 42 60 57 32 60 75 74 44 73 17
70 77 89 31 34 29 20 Tracy 33 84
89 83 44 20 87 59
48 77 70 18 42 30 19 91 22 5 19 Jialu
24 31 63 31 52 88 40 69
60 16 36 27 5 61 33
62 80 71 38 50 32 72 79 28 41 18
85 4 7 0 18 4 2 78 2 22 88
40 18 49 66 Jialu 88 91 53 Jialu 72 39 17 69 23 11 36 75 15 33 3
48 24 49 2 50 13 83 30
55 15 48 43 92 17
10 8 61 16 10 47 36 11 50 79 54 63 88 72 17
91 58 51 33 笑 87 54
37 笑 78 3 20 22
4 55 68 Jialu 86 74 91 27 25 87 74 52
32 67 92 32 33 49 69 37 笑 84 64 15 13 24 24 58 53
72 66 92 69 53 91 88 34 8 40 33 83 13
40 61 88 3 50 54
34 45 42 34 58 69 62 47 21 24 80
51 12 21 48 55 64 73 50 41 13 88 94 58
93 22 50 1 88 67 37 59
69 91 88 86 0 58 82 5 77 64 4 24 0 84 35
48 63 25 36 13 66 49 76 12 43 86 92 60 56
17 38 68 45 35 45 22 42 83 18 Jialu 38 54 8 22 哭 17 22
1 63 89 32 83 61 88 19 81 33 47 25 8 Jialu 66 87
48 54 79 59 59 67 43 85 58 51 53 89
70 57 5 49 35 哭 88 3 50 17 62 50 76 53 32 63 4 59 89
28 53 74 86 24 37 26 50 10
83 43 35 79 27 82 16
23 31 76 75 80 54 76 60 7 哭 7 25 43 70 24
75 55 11 51 33
48 3 91 78 7 20 6 19
20 哭 78 37 6 0 92
46 4 6 89 67 31 73 72 33 44
8 91 10 28 28 哭 85 52
Tracy Jialu 40 71 88 4 21 Tracy 14 34 48 12
5 86 86 38 5 64 84 50 14 5 哭 33 22 2 86
72 20 哭 37 50 32 74 3 53 44 68 45 14 45 85 92 4
14 47 Charlie 64 82 19 24 82 66 55 40 36 22 65 16 9 20 44 84 Charlie
44 88 19 69 60 27 93 23 13 9 19 80 38 1 12 52 12
20 27 29 70 58
21 62 93 38 27 8 16 8 59 Charlie 4 58 9 57 51 87 91 46 8 72
87 20 19 53 49 43 61 14 29 55 77 23 21 65 91 18
34 28 76 60 50 46 94 81 38 88 50 51 91 29 63
63 34 54 71 20 71 41 65 10 34 67 4 79 62
39 80 59 52 Charlie 58 32 14 75 3 49 61 90 88 75 56 73 94
51 27 23 14 40 53 36 65 93 58 32 8 92 79 4 30 58 65 7 54
83 21 53 Tracy 89 77
79 66 23 27 70 43 86 0 61 61 9
43 30 81 74 65 49 20 12 4 65 6 13 41 31 54 12 20 91 57 75
16 85 92 92 85 55 76 82 62 Jialu 67 9 44 14 88
27 76 50 39 11 21 51 1 81 45 30 15 7 12 88 17 48
76 10 18 44 61 73 75 81 41 61 3 92 51
84 19 60 45 24 71 64 64 10 61 34 32 19
18 哭 4 81 52 38 88 58 4
78 58 47 15 68 53 笑 55 2
48 27 2 59 47 47 26 27 76 21 35 27 32 42 6 48
67 4 9 17 45 13 10 36 Jialu 50 Jialu 28 71 40 14 51 74 83 54
55 85 Tracy 32 15 31 30 14 74 88
3 89 哭 38 42 79 77 63 3 35 28 Jialu 63 1 19 70 笑 1 48 28
79 17 21 8 45 8 76
8 59 11 16 61 Charlie 22 7 30 Jialu
45 70 6 48 34 81 66 4 21 6 79
50 83 59 65 33 5 22 76
57 46 82 17 37 37 29 69 27 73 哭 55 77 80 Charlie 72
51 19 76 47 17 25 39 68 笑 40 67 59 40 Jialu 85 94
20 51 71 60 Tracy 18 50 70 12
94 63 40 63 76 80 17 10 35 63 54 37 84 16
90 13 12 40 54 33 82 91 86 31 31 47 7 59
6 86 74 50 4 52 74 26 38 68 48 32 85 43 94 67 54 16 5 13
笑 84 86 20 37 36 53 94 61 24 35 Charlie 80 22 83 80 Tracy 4 7 6
84 77 20 93 哭 70 13 54 78 14 55 76 33 23
93 Tracy 57 55 10 80 Tracy 15 31
66 92 65 38 85 63 46 3 73
64 54 14 73 75 53 8 37 82 4 1 0 21 27 22 67 87
60 46 12 57 26 26 43 38 8 59 44 61 68 67 16 9 42 33 21
91 88 49 47 44 4 79 63 21 18 28 86 7 74 3 38 Charlie
82 47 89 17 94 46 54
52 1 4 3 Charlie 65 50 79 63 90 62 13
13 40 78 8 45 1 3 59 91 31 84 71 19 5
92 80 55 20 62 82 76 30 5 6 哭 70 40 47 38 56 51 84 68
60 93 22 15 15 Charlie 笑 50 5 52 39 Tracy 1 20 34 93
45 56 90 12 47 26 47 7 43 12 38 2 7
11 51 46 68 33 94 91 29
66 80 76 4 16
22 47 84 50 53 80 Charlie 69 63
81 60 25 56 41 49 55 24 91 69
94 41 56 27 82 32 Tracy 4 87 17 24 Tracy 60 85 22 94
46 77 15 4 92 33 72 Tracy 45 14 35 55 笑 59 22 5 56 86 45 17
18 72 6 19 58 83 89 63 4 92 39 67
40 44 41 19 2
51 65 41 31 50 14 34 Tracy 4 9 91
Charlie 2 25 22 28 16 92 28 60 89 38 26 23 72 46 88
27 14 Charlie 88 36 18 65 10 8 52 12 40 92 91 87 30 12
10 67 72 90 36 10
91 63 40 38 76 43 94 42 78
48 76 94 79 88 2 53
20 10 78 14 19 49 9 49 87 45 64 9 58
93 84 8 58 66 笑 76 84 61 90 72 72 23 27 34 89
14 92 36 13 55 94 42 43 37 15 Charlie 84 34 84 笑
51 59 61 Charlie 81 25 Jialu 58 39 27 87 32 51 36 27 27
45 28 17 57 32 58 34
3 80 53 15 41 8 83 64 52
51 23 31 3 7 39 84 33 6 77 62 28
89 74 84 59 38 76 38 14 49 79
24 7 13 72 47 76 笑 12 56 42 27 Jialu 26
2 23 93 48 87 22 13 24 74 45 55 27 75 32 75 7 19 6 66
93 45 46 Tracy 80 71 77 25 83 37 Tracy 16 22 94 20
79 9 32 36 73 73 23
29 72 Jialu 77 16 27 94 69 1 27 56 6 58 34
70 12 哭 94 50 5 9 33 48 79
7 64 82 70 78 89 62
59 73 Jialu 15 19 49 16 88 23 13 83 49
12 5 0 17 56 87 62 74 33 51 46 89 2
89 46 52 66 59
59 72 40 51 43 34 笑 14 2 87
9 18 21 12 10 54 86 59 42 91 55 20
12 26 31 57 53 62 51 37 32 47 27 48 10 4
78 笑 84 63 83 36 92 63 21 88 89 13 0 38 69 8 52 36 哭
36 84 笑 26 73 57 68 38 29 34 69 49 78 21 1 30
21 Jialu 19 Charlie 79 33 38 42 6 8 68 36 29 49 42
61 9 40 14 66 24 4 94 48 0 55 55 34
81 47 61 65 22 哭 56 17 67
73 82 43 29 10 64 63 47 25 17
87 67 1 17 57 71 70 14 3 88 5
34 60 87 Jialu 80 86 57 54 57
38 35 Jialu 0 19
18 7 45 83 80 91 71 36 17
93 0 16 78 77 84 56 81 12 83 92 18 64
4 63 15 23 66 83 37 39 哭 39
70 42 43 63 12 31 77
27 49 66 10 16 19 24 93 19 53 88 46 34 9 49 49 93 72
3 89 41 92 19
36 6 24 85 4 7 85 62 5 35 27 11 75
36 90 68 89 74 58 44 29 0 62 22 24
65 5 33 48 0 13 20 48 37 18 9
49 35 4 0 哭 31 61 16 哭 46 50 47 24 36
24 5 93 71 63 52 48 76 24 90 5 62 90 33 0 7 84 53
80 36 10 50 34 77 22 9 2 Tracy 44 54 5 74 7 86
80 82 17 84 36 77 67 80 43 62
53 12 64 Tracy 32
Jialu 87 60 75 49 8 46 24 42 29 93 28 49 84 76 11 43 88
36 92 71 9 56 37 94
笑 49 86 89 54 25 42 77 48 49 48 24 30
68 64 88 94 33
52 33 41 50 30 67 9 16 60 80 41 88 30 42 Charlie 78 70 5 60 50
7 2 20 笑 Charlie 80 82
51 45 70 39 68 5 7 29 45 27 65 69
笑 87 11 73 65 76 65 8 Jialu 7 79
27 35 80 7 43 30 56 44 47 1 69 13 75 56 10 89 52 11
51 37 81 55 哭 38 7 80 14 10 21 20 55 34 18 13 85 46
34 47 20 20 58 45 8 94 52 4 6 3 哭 47 93 8 84
35 1 48 6 88 20
78 37 68 89 89 6 55 29 94 23 53 10 55 68 76 28 76
65 38 88 33 6 63 84 92 哭 0
91 58 71 74 10 77 88 3 7 62 Tracy 46 46 Charlie 32 66 8 36
58 81 59 77 61 51 7 16 52 37 10 59 45 12 81 9 20 71 35
70 67 93 71 10 49 53 63 14 36 66 2 37 45
1 56 63 13 67 26 75 10 哭
17 36 47 73 32 51 Tracy 11 6 44 85
11 92 84 12 5 15 59 58 28 66 82 94 14 61 47 76
80 36 21 1 26 36
3 86 92 17 20 44
48 66 91 91 72 90 64 53 38 35 24 74 70 56
28 67 89 65 45 67
6 8 59 13 50 75 37 12 36 66 Tracy
65 47 9 46 59 11 17 69 76 83 57 36 62 77 59 67 45 86 62 92
57 88 49 4 Charlie 31 56 57 32 29 26 74 2 53 16 65 53 68 0 32
8 27 28 30 52 82 71 17 37 36 40 61
88 53 89 47 65 47 15 46 1 79 37 70 92
Charlie 78 65 8 18 81
17 8 39 36 12 60 笑 笑 66 1 49 59 2 哭 46
41 36 52 40 85 23 25 72 94 2 33
86 75 75 49 20 85 52 15 10 41 69
52 31 21 5 36 59 76 66 90 37 58 20 60 75
15 58 88 77 90 92 81 38 91 51 92 1 61 54
37 19 3 88 79 56 53 19 32 6 82 62 51 15 23 Tracy 6 50 10
19 63 62 58 31 4
62 57 41 94 56 21 32 66 47 33 51 73 0 55 39 67 48 64 41
65 1 10 80 50 26 41 86 92 10 88
76 82 25 57 94 8 68 33 54 83 86 48 29 35 56 61 7 4 18 34
20 93 65 13 43 77 Jialu 88 65 50 37 93 34 55 12 93 21 3 22 21
43 64 63 33 25 79 48 15 54 39 48 29 65 哭
67 Charlie 7 86 21 41 84 42 55 72 68 31 14 0 92 3 23 14
67 16 1 8 80 85 15 32 53 22 69 33 50 42 52 83 21 66
70 85 87 52 36 80 Tracy 31 86 4 33
5 39 49 54 5
36 21 24 78 90 哭 59 Jialu 46 91
36 94 0 30 25 14 41 36 62
91 44 18 0 哭 28 20
17 Charlie 79 32 69 93 86 78
62 56 71 75 46 哭 81
49 55 71 45 11 75 85 68 80 29 42 74 33 85 1
33 67 53 9 32 88 66 44 42 4 53 45 79 74
8 76 74 12 34 94 61 17 32 35 71
1 76 38 78 91 2 71 70 64
5 21 38 91 84 88 91 76 93 22 18 34
27 19 59 20 31 23 90 35 89 24
16 53 54 5 68 74 哭 77 7 82 43 13 75 77 3 84 39
57 27 29 12 9 71 79 93 25 16 89 92 23 3 30 54
6 19 49 37 89 30 15 22 12 28 54 44 32 12 39 21 50
1 25 6 45 12
44 70 88 37 44 41 72 19 33 24 82 29 60 26 25 18
1 哭 10 20 30 78 35
92 笑 53 12 22
58 8 91 92 71 7 38 89 39 92
76 14 54 92 67 30 74 87 21 54 Charlie 81 43 87 67 48 54
33 48 5 77 28 40 84 39 51 55 37 41 27
74 20 4 68 39 56 7
48 91 55 66 哭 20 1 78 82 20 58 39 32 35 17 50 19 23 23 6
31 30 27 77 44 44 18 87 67 70 23 0 9
19 66 11 14 29 72 94 15 1 24 72
30 12 19 53 73 51 34 46 82 17
87 21 91 6 79 20 13 13 71 61 21 哭 3 21 76 64 72 55
Jialu 47 43 31 14 13 51 21 42 13
90 32 58 1 10 30 40 11
52 66 60 76 8 19 82 35 79
60 78 64 53 4 32 64 39 70 50 39 94 20 24 5 5
Tracy 16 55 41 83 26 83 52 34 9 47 66 27 27 52
6 82 15 42 69 15 18 79 58 67 74 63 27 40 0 30 31
42 31 66 49 75 13 22 37 18 30 3
81 53 26 62 39 26 53 78 42 24 93 52 31 16 31 0 3 61
77 13 18 76 24
30 57 7 71 72 74
24 40 0 37 Tracy 22 70
28 16 59 32 75 51 58 0 76 Charlie 8 77
67 Jialu 38 52 87 68 39 84 29 24 2 0 74 29 55 48 58 41 68
52 21 51 44 2 0 56 13 65 44 66 23 37 9 44 91
37 86 28 1 80 44 67 79 7 7 88 26 18 15 85 65 56 12 11
78 10 66 6 50 68 44 7
85 60 27 54 7 88 7 84 53 32 42
25 26 38 44 51 23 27 59
38 60 31 0 17 8 55 82 1 81 1 0 56 66 Charlie 32
7 4 19 12 Charlie 6 79 25 19 80 32 37 52 19 60 46 41 77
93 8 43 79 77 65 15 17 55 Tracy 82 15 72 0 50 57 2 46 75 34
7 6 92 94 16 6 55 0 79 73 3 92 64 40 70 35 7 Tracy 7 94
18 31 80 36 Jialu 9 79 35 0 2 75 50 60 78 63 18 55 3
28 63 46 93 65 66 55
46 75 93 76 26 51 17 75 78 34 71 58
65 77 43 72 32 20 54 73 6 5 Jialu 67 25 80
79 88 13 78 50 69
29 32 2 52 54 89 43 61 26 8 11 6 78 56 90 69 9 7 47 Charlie
77 60 2 笑 37 82 70 81
1 45 73 94 16 9
21 29 25 0 93 90 28 35 86 23 35 79 55 49 6 81 10
50 5 65 7 24 37 31 29 53 14 Tracy 92 47 59 58 17 哭 76
76 54 62 90 31 16 50 89 笑 89 4 82 48 84
37 6 92 86 25 83 33 48 82 Tracy 67 5 61 91
14 6 83 6 60 27 47 88 82 48 82 11
39 14 46 39 45 90 65 92
91 9 80 85 45 49 48 44 83 51 45 57 79 91 58 7 77 53 28 10
54 8 28 9 61 78 87 11
13 83 67 89 3 22 53 79 50 8 笑
Jialu 10 61 2 3 83
2 62 86 86 56 93 38 80 42 44 93 Jialu 82
91 65 44 22 81 26 2 91 38 86 18 86 55 30 52
40 63 68 65 36 67 19 27 93 52 6 75 60 65 87 76 82 84 90 53
4 77 52 52 60 16 19 11 93 81 55 59 28 49 90 34
87 42 79 2 66 21 32 59
25 7 24 16 27 34 15 29 7 3 41 67 34
26 80 48 42 47 70 84 38 82 63
93 63 23 39 54 29 60
63 78 18 93 55 5 90 32 4 16 60 Jialu 73 24 63 51 42
86 24 61 Charlie 89 15 49 76 19 58 66 50
49 笑 87 65 34 94 47 31 87 5
85 31 84 36 44 75 23 35 4 26 74 55 12 57 87 38 58 41 11 94
41 51 18 56 5 27 49 67 49 67 82 16 88 17 22 60 16 33 36 52
Tracy 3 Charlie 85 34 67 68 12 38
35 5 90 4 15 71
25 50 50 81 21 84 69 93 16 56 33 93 79 53 16 85 34
27 21 2 42 47 7 86 17 Tracy 59 55
6 25 5 52 92 5 15 79
52 81 42 81 26 6 11
21 61 哭 21 60 53 26 81 54 15 39 75 18 53 42 43 80
33 40 78 20 94 17 Charlie 62 92 哭 笑 54 10
69 61 71 73 69 27 61 笑 71 1 33
82 30 20 73 43 58 19 87 6
6 90 76 13 46 66 5 58 90 79 36 7 26 84 93 48 27 40 59 72
20 85 78 82 9 93 14 28 3 5 38 93 92 68 48 21 78
66 94 90 90 71 笑 34 45 24 74 50 19 79
91 42 70 83 2 40 32 68 29 5 26 92 Jialu 7 86 78 43 49 Jialu
23 49 9 笑 Jialu 79 21 46 11 6 18 84 89 13 30 55
3 58 65 49 90 40 94 7 45 53 7 36 76 71
3 9 84 90 40 19 Charlie 51 3 77 43 24 32
18 0 73 25 39 45 57 8 13 54 73
39 84 62 24 55 66 哭 10 15 51 67 笑 64 49
20 78 78 哭 40 6 25 70 1 73 哭 22 32 87 2 30 7 63 33
8 91 65 12 27 22 20 16 74 44 83 23 59 哭 17 61 78 79 84
88 37 67 3 86 39 44 15 20
19 13 8 16 9 85 60 79 40 30 59 4 84 63 65 10 49 Tracy 32
5 54 0 12 48 3 76 24 64 28
25 80 46 Tracy 37 26 75 7 89 5 84
23 62 75 94 83 13 73 63 82 92 Tracy 14
65 94 43 46 78 38
17 62 60 72 Tracy 5 84 76 40 4 86 哭 30
34 23 31 94 87 哭 6 19 23 笑 56 78 65 32 93 73
93 Jialu 29 74 86 63 76 58
54 28 65 9 28 7 5 36
49 23 59 61 17 91
67 27 85 41 20
74 28 34 22 79 18 31 47 67 19 39 35 1 13 53
Jialu 65 77 40 70 46 50 Tracy 34 28 64 10 23 62 41 7
75 38 59 83 89 72 21 25 53
22 19 93 58 53 17 21 37 10
11 37 61 43 83 哭 31
20 89 16 8 62 70 27 10 1 45 57 59 62 56 Jialu 66 80 31 64 54
1 72 47 46 43
68 35 25 82 22 23 53 10 14 93 52 94
70 10 61 7 51 18 78 75 Tracy 6 10
42 56 71 89 30 33 94 Charlie 48 67 58 20 28 33
53 47 Jialu 56 86 72 72 78 81 84 79 79 57 71 94 32 8 5 45 38
65 90 46 26 28 81 4 93 51 78 61 13 91 27
87 70 5 41 1 93 21 88
55 94 60 68 90 61 29 2
36 89 35 76 63 53 48 36 20 50 88 24 67 88 25 87 49 77
47 56 75 32 82 31 11 85 45 77 65 47 56 87 11
0 45 6 81 21 49 46 36 69 1 12 83 72 71
78 2 7 58 93 48 13 56 64 6 38 84 34 1 5 5 14
67 49 Tracy 49 49 58 87 Jialu 18 48
32 59 9 26 1 54 85 9 11 91 41 24 77 29 35 39
74 52 1 41 17 67 10
81 63 38 36 24 8 24 58 33 88 27 53 14 54
84 6 16 22 56 93 79 30 43 4
39 38 32 0 8 55 47 9 62 70 Charlie 76 20 61 哭 8 74 12 30
87 37 7 10 78 18 11 74 36 Tracy
36 52 29 69 69 54 79 92 6 63 91
34 笑 47 71 54 9 23 48 84 70 92 94 88
50 70 20 9 24 0 6 3 81 29 85
80 2 67 53 28 71 83 37 24 36 67 44 47 67 48 15 49 35 85
33 Tracy 83 92 70 20 20 29
56 93 71 57 46 30 27 54 24 12 62 41 29 81 51 56 46 32 5
43 15 69 82 17 7 21 82 38 19 24 61 76 27
70 83 15 41 17 18 Tracy 80 26 笑 67 48 84 44 53 7 24 55
76 9 76 81 94 47 58 10 10 Jialu 92 25 86
77 91 2 55 63 35 68 23 65 90 92 33 28 30 23 66
83 10 68 64 22 81 9 73 5 25 41 75
82 19 64 Jialu 43
18 17 57 Charlie 10 12 72 63 90 90 16
47 66 52 35 74
12 1 2 26 91 11 12 17 37 51 44 36 69 Jialu 89 57 10 49 Charlie
67 28 Jialu 68 68 87 82 44 26 51 88 64 41
71 89 63 60 54 21 4 91
46 72 26 1 47 62 32 88 69 33 74 12 45
53 84 77 77 30 26 20
29 94 64 80 40 56 Jialu 26 80 66 68 71 74 78 45 81 31 65 38 50
26 23 7 51 61 68 6 59 51 81 52 17 87 44 1 54 85 57 47
44 Charlie 56 Charlie 51
0 34 16 笑 20 14 84 56 75 80 74 50 66 31 48 52 76 0 23
34 48 25 61 36 58 45 23 27 14 40 21 76
92 8 77 61 17 72 93 89 87 57 43 13 Charlie 35 62 19 41 33 37 73
28 11 52 笑 25 16 39 59 17 28 31 71 72
37 63 36 53 30
83 44 66 93 89 40 93 20 48 47 6 78
60 81 16 24 81 66 24 69
40 46 42 32 79 4 67 11 Charlie 31 86 56 34 16 3
笑 9 56 26 10 Tracy 90 46 33 29 22 63 79 67 7 53 73 73 88
92 66 1 45 80 24 39 14 14 62 35 41 32 63 41 20 45 21 30
68 10 72 41 2 37 27 86 7
71 21 2 56 81 6 49 37 74 40 16 23 35 40 58 76 72 88
33 27 6 59 40 34 66 29 64 59 Jialu 4 86 56 77 74 27
82 61 13 46 18 27 39 72 61 32 17 82 1 58 24 0 52 19 21 19
92 49 6 45 80 81 1 71 23 39 62 8 50 38 32 30 22
15 48 49 44 38 笑 68 7 23 57 49 93 78 14 14 43 40
17 6 36 38 17 27 笑 24 86 71 21 83 89 13 36
Jialu 4 Tracy 55 22 82 0 5 86 77 94 71 85 20 32 39 35
18 13 Jialu 21 3
35 12 7 51 8 57 49 22 8 49 37 12 16 1 73 7 7 92 2 4
31 5 14 60 Charlie 88 92 33
3 34 72 7 59 39 80 22
69 Charlie 84 78 51 3 48 81 47 48 19 55 60
78 37 29 4 5 7
34 85 78 80 43 12 81 71 0 66 82 89 65 92 71
46 33 90 70 哭 3 22 68 15 43
57 24 31 83 18 10 41
4 32 4 42 68 70 60 21 67 52 Jialu 91 27 0
9 31 9 70 42 Charlie 81 69 65 89 49 81 49 38
51 42 34 28 35
85 3 85 21 Tracy 78 16 77 20 9 Charlie 50 13
89 50 50 22 37 86 47 13 89 73 32 42 69 43 51
34 19 37 67 0 21 21 51 73 16 28
21 9 24 10 56 50 50 61 70 26 1 38 69 23 51 65 15 44
71 84 18 65 7 19 11 62 93 33 75 16 39 90 86
89 67 51 85 15 54 4 25 60 78 4 60 57 81 4 4 72 3 52
1 60 27 66 66 13 38 2 19
5 2 57 49 8 42 57 72 84 75 40 72 59 80 3
21 20 55 8 84 0 94
70 74 84 21 51 14
60 10 91 41 92 14 82 30
28 79 87 8 48 33 10 50 54 笑 38 65 79 17 62 0
88 41 22 27 45 11 74 56 50 87 37
10 41 69 60 63 39 2 60 54 84 Tracy 54 59 84 69 37
25 15 81 9 27 37 70 87 Jialu 45 38 92 5 63 28 Charlie
Jialu 21 46 77 58 16 61
Jialu 55 25 13 40 40
71 15 46 52 78 94 7 28 65 80
14 27 28 59 3 20 88 21 64 68 2 59 81 2
5 Tracy 51 25 2 71 5
38 58 87 46 13
92 25 33 0 52 笑 54 28 17 40 5 79 8 24 16 74 16
3 2 29 89 25 17 83 12 55 74 18 9
37 笑 26 84 27 44
70 30 84 23 76
4 75 80 10 63 73 4 22 51
3 68 83 45 42
2 23 76 44 57 74 91 32 笑
56 3 Jialu 10 31 77 91 71 58 70 91 32 93 43 86 70 54 89
37 Tracy 20 79 20
3 8 23 69 92 91 78 73 83 59 28 11
哭 78 1 68 84 27 14 49 16 48 哭 52
47 68 26 8 30 59 16 3 94 26 11 8 68 64 11 77 35 58 12 5
笑 33 69 Jialu 3 79 19 51
49 73 63 87 10 7 27 24 72 86 39 63 29 82 53 3 44 88
84 57 0 79 46 13 93 76
2 48 53 28 7 27 55 0 28 38 19 36
56 69 48 31 41 77 79 25 12 75 8 14 52 12 53
86 94 12 29 19 89 8 15 36 0 91 22 84 76 79
71 63 3 20 14 25 30 0 6 34 0
49 75 15 4 52 84 78 27 56 71 18 32 Jialu 84 2
93 54 55 66 Charlie 16 40 0 17
18 74 46 40 38 73 53 58 11 68
79 94 27 0 54
70 9 46 35 35
77 31 0 65 6 71 76 49 22
0 55 57 4 73 65 82 78 51 27 62 35
6 85 16 71 32 42 43 53 20 50 49 30 9 12 29 36
4 71 81 Charlie 92 24 67 64 哭 47 71
46 10 0 14 65 84 87 66 笑 Tracy 6 45 46 73 48 41 64 69
74 93 16 90 19 90 53 41 26 23 76 34 51 39
75 64 38 44 92 15 38
74 91 82 43 49 47 8 38 14 82 17 34 40 40 12 30 16 71 79
58 66 35 68 90 82 48 77
32 44 86 Charlie 54 31 50 90 59
75 60 43 46 4 93 57 15 78 49 10
46 Tracy 0 24 86
93 53 86 74 90 65 90 48 22
59 73 56 91 14 40 75 29 51 75
47 1 37 54 44
91 69 91 94 73 25 42
8 53 19 Charlie 82 5 90 84 16 47 60 Tracy 82 笑 35 83 6 63
0 26 33 52 78 56 7 53 59 83 39 64 44 52 76 8 6
91 Jialu 17 18 58
71 90 Tracy Jialu 17 53 88 14 5 6
36 笑 79 19 19
85 67 56 53 4 38 61 37 21 85
37 78 5 38 85 Tracy 9
85 86 62 47 79 61 28
2 Tracy 38 47 0 Charlie 80 67 49 68
38 80 36 46 15 63 6
44 91 72 80 52 0 26 44 25 46 51
Jialu 54 92 47 18 Charlie 49 2 17 Jialu 30 78 27 51 53 2
50 41 92 64 65 3 54
63 Charlie 60 44 4 Jialu 66 74 19 36 89 71
53 30 39 87 77 29 31 1 31 55 75 25 64 60 25
82 81 53 48 59 7 38 64 7 35 74 37 45 83 44 81 93 63 16 54
58 0 57 76 35
87 36 Jialu 68 73 51 87 76 77 69 45 35
21 94 29 Charlie 73 80
90 12 48 75 55 57 91 76
20 82 70 39 25 34 11 39 75 79
4 57 28 2 20 37 75 81 Jialu 74 90 43 90 5 34 33 80 90 11
43 65 19 44 45 54
70 60 41 43 42
93 3 90 22 17 12 48 71 69 49 39 48 12
66 60 35 65 42 65 18 14 67 0 17 32 83 75 13 4 12
笑 77 65 30 33 16 93 34 55 25 53 39 28 39 笑 61
13 30 74 45 42
3 61 44 65 84 33 47
58 5 4 75 60 1
48 93 43 82 5 11 5 54 91 75 18 30
34 60 20 71 85 17 0 74
70 71 15 79 63 69 2 15 76 86 54 81 40 26 74 22 18 68
56 36 78 44 1 23 94 81 4 1 84 59 90 85 46 哭 23
17 14 77 16 92 89 1 8 27 66 8 52 1 59 75 79 16 15 74
71 78 76 59 38 92 53
60 31 51 41 75 22 84 59 87 85 87 37 64 70 93 4 23 10 77 37
笑 52 80 41 47 60 54
28 43 63 45 61 40 66 笑 30 64 31 4 0 74 74 61 24 4 28 15
15 8 Tracy 85 14 Tracy 35 0 5 69 4 38
22 22 88 74 89 26
68 18 18 86 74 28 65 79 53 20 8 85 71 84 74 93 71
20 32 60 39 70 12 49 80 75 24 7 76 26 50 87 78
53 64 54 0 75 86
64 49 10 47 62 13 42 14 10 9 2
27 78 65 56 55 57 0 18 41 Charlie 64 66 60 51
Tracy 12 7 Tracy 54 哭 64 84 45 30 71 14 66 24 52 87 12 47
54 19 32 65 18 10 91 16 78 65 84 39 74 46 27 57
40 46 40 83 Charlie 笑 32 68 2 1 52 44 61 3 31
51 43 90 18 44 36 57 90 Jialu 77 7 24 78 32
Jialu 76 8 Charlie 75 17 Charlie 28 34 92 70 29 88 7 54 81 23 47 1 2
17 21 17 60 89 17 80 64 37 36 35 69 13 90 63 83 33 68 47
56 14 68 92 86 2 64 33 31
29 44 90 19 13 Charlie 60 12
23 67 89 31 Charlie 84 52 70 74 65
80 27 74 22 Charlie
18 76 2 12 65 73 9
76 17 14 71 17 8 72 61 94 62 57
74 68 23 2 37 14 Charlie 85 14 17 41 43 哭 8 58 3 92
85 69 Jialu 59 5 6 33 11
32 41 Jialu 42 9 86 6 11 54 77 16 0 22 60
8 31 13 43 44 60 40 8
25 19 54 58 94 12 23 78 92 72 80 12 19 29 13
35 36 36 90 45 6 7 54 3 64 32 57 67 31 49 30
75 65 19 12 90 38 7 83 25 18
48 37 30 22 42 51 4 34 8 75 80 72
71 48 90 0 29 49 59 23 48 51 2 78 26 30
41 67 31 20 76 90 6 35 30 35 6 58 64 49 31 77 7 Charlie 73
92 34 48 58 89 7 68
57 23 哭 0 94 6 40 31 90 8 50 25 78 笑 笑 41
63 31 87 58 56 45 8 30 60 83 60 15 9 Charlie 16
17 78 28 11 86 70 24 76 59 24 23 82 8 50 82 53 82 66
55 38 8 59 35 62 23 79 56 Charlie 77 84 63 34 86 42 笑 38 2 85
哭 0 40 17 34 笑 34
59 77 34 42 92 51 Tracy 85 48 70 46 39
46 81 80 16 60 8 35 7 44 77 44 Tracy 3 94 89 6 13 66 29 11
60 7 14 62 81 91 18
5 58 6 31 Tracy 48 92
81 86 88 0 77 48 47
49 Jialu 50 33 哭 81 56 70 62 76 46 15 11
18 80 5 70 1 88 45 18 65 72 75 53 77 50 43 89
17 93 13 42 51 31 29
14 73 11 71 56 45
90 74 63 71 43 55 0 65 58 6 61 81 74 10 Jialu 30 71 85 77 44
60 89 75 94 50 47 笑 69 4 65 哭
76 8 81 66 88 73 13 14 7
48 73 55 54 26 10 20 57 哭 40 20 17 Charlie 64
5 19 53 10 12 1 51 59 Tracy 82 40 76
81 86 70 25 53 56 78 22 6 22 34 48 87
24 76 78 89 2 11 55 56 31 27 53 16 33 82 Jialu 86 4
36 71 19 35 哭 51 44 49 59 1 87
哭 13 76 20 38
60 79 40 49 60 64 56 54 21 33 68 57 44 61 10
72 52 78 8 3 Charlie 66 71 35 56 57 5 84 笑 33 62 59 46
73 93 36 41 52 47 24 72
9 68 58 68 63 32 64 57 50 79 41 10 10 36 46
27 4 哭 46 20 63 9 51 Tracy 2 61 92 67 0 Tracy 7 20 30 69
36 15 55 Tracy 36 57 2 17 21 87 74 69
78 30 91 6 75 54 68 43 19 66 81 55 91 78
71 61 41 35 68 61 60 25 91 26 82 16 21
15 12 42 16 4 14 10 89 46 42 7 57 14 51
49 53 24 76 30 25 59 72 37 30 83 17 24 34 77 89 56 46 51 74
23 49 73 74 31 49 44 68 74 28 68 51 39 61 8 52 73 44 37
笑 Jialu 35 16 Charlie 3 52 19 41 42 74 67 33 89
81 19 20 Tracy 90 19 31
7 77 81 56 74 16 91 50 20 30
7 2 15 56 60 52 82 20 71 78 35 50 69 12 43
33 30 79 50 62 30 29 24
58 8 43 90 3 86 7 笑 13
48 7 18 70 63 20
38 44 4 79 47 91
74 72 21 61 28 84 86 51
73 88 3 40 33 87 80 0 51 36 17 14 45 73 45 83
33 93 35 0 34 9 1 Charlie 73 18 49 48 54 4 哭 72
70 9 84 48 41 69 29 20 1 15 51 42 62 71 16 84 35 57 71 56
77 56 57 21 58 61
49 53 34 71 7 33 52 30 12 80 80 Tracy
75 15 32 32 20 53 36 笑 18 42 72
61 82 77 2 81 85 93 14 39 52 38 68 0 11 10 24 33 66
42 59 34 80 33 33 89 35 52 17 0 63 23 15 31 1 69 21 8
16 37 88 93 54 18
61 68 4 89 67 41 哭 16 66 86 93
72 29 59 53 6 55 78 52 笑 36 69
58 70 93 29 85 3 52 86 66 34 48 75 50 Jialu 83 65 70 28 52
8 81 39 37 81 48 36 56 14 66 20 12 26 哭
Charlie 76 44 58 90 90 12 笑 3 65 88 笑
26 79 41 29 7 33 80 19 87 82
11 39 27 61 84 19 82 43 27 81 79 19 84 58 14 63 19 22 32 70
笑 17 14 86 46 70 12 笑
34 28 84 18 37 36
22 10 3 哭 13 83 7 36 37
Tracy 11 91 13 6 59 哭 6 20 45 52 74 笑 94 50 76 64 20 45
23 11 笑 28 73 32 44 19 23 83 13 40 52
3 92 83 58 84 92 15 4 83 65 23 Tracy 44
10 21 72 54 89 77
25 47 70 64 50 37 5 71
42 64 46 1 23 67 哭 29 13 37 50 71 56 76 66 84 73
46 92 49 5 17 79 91 90 70 61 63
32 11 86 20 91 89 16 21 85 0 79 53 38
54 55 34 31 76 5 93 81 53 85 28 59 62 26 42 17 79 85 3
14 24 4 89 78 76 20 36 Charlie 83 84 Jialu 33 22 24 51 42 71
13 哭 6 47 48 50 42 30 42 60 65 71 63 80 92 76
26 71 64 94 5 37 42 10 Charlie 61 41
2 22 92 78 36 57 4 13 2 0 52
41 32 79 61 25 75 68 84 36 31 42 91 29 75 92 53 81
50 74 27 90 67
41 77 26 20 33 53
59 62 90 24 90 62 26 Charlie
61 22 91 37 12 73 0
51 2 91 17 23 64 39 57
87 2 51 28 54 15
8 78 0 44 43 4
83 78 33 91 41 79 62 86 91 72 18 8 86 85 76 53 18 51 66 39
3 47 54 4 67 31 25 83
33 14 52 1 92 68 64 Charlie 33 56 55 79 61 93 68 84
43 14 5 61 33 47
27 68 56 73 29 22 54 16
20 24 71 19 22 41 56 2 Jialu 笑 33 25 32 43 91 58 48 73 60
67 72 31 33 30 14 42 17 7 49 30 1 77
42 15 74 46 70 42 42 52 29
29 43 94 41 68 67 11 2 9 55 7 10 2 51 70 13 65 90
36 78 49 64 69 66 29 31 74 47 41 79 3
Charlie 87 93 41 2 33 59 57 57 79 2
41 55 91 88 14 10 77 73
39 50 16 58 1 80 90 63 55 65 16 17
10 84 1 66 Jialu 12 77 77 79 14 45 56 53 77 72
86 91 56 38 50 68 21 73 46
47 Tracy 91 76 36 6 49 32 86 哭 74 笑 70 46 59 51 66 15 83 86
24 41 41 62 33 65 7 39 71 21 0 57 59 40 69
29 87 54 75 74 82 31 12
81 17 36 53 48 92 59 36 Tracy 52 36 10 7 56 77
64 1 59 18 21 80 哭 8 50 67 哭 88 44 56 82 13 85 45 27
11 4 43 Charlie 53 6 24 0 24 83 37 81 6
4 18 63 27 10 62 51 17
60 23 90 13 10 62 0 12 69 63 37 61 52 哭 50 90
50 65 81 80 Tracy 7 85 34 79 50 24 94 3 41 26 4 80
21 笑 13 30 57 21 31 50 45 9 45 哭 19 13 82 50 93
87 38 13 2 30 12 3 Charlie 8 39 54 60 笑 83 8 50 26 41
5 83 5 5 32 27 73
5 69 67 13 17 93 63 85 52 88 58 47 4 93 35 26 64 61 52
81 10 43 10 55 笑 76 24 20
55 71 40 90 39 84 55 94 30 94 65 57 8 84 47 52 40 73
8 62 65 92 Tracy 69 59 23 44 74 93 Tracy 40 39 43 76
61 52 90 36 79 71 51 34 91 85 59 70 42
34 36 61 6 30 47 76 笑 32
64 17 49 44 4
8 57 93 81 93 62 Jialu Charlie 70 40 75
63 29 39 63 19 78 94 35 15 73 3 30 4 16
89 26 63 81 45 82 37 59 86 32 41 72 43 59 68 73 79 73
70 81 3 48 8 29 78 45 43 50 21 6 63 72
80 44 41 33 84 84 85 18 43 Jialu 60 37 62 35 66 21 39 11 52 90
79 48 24 79 66 48 50
28 36 9 45 61 73 23 Jialu 73 35 93 51 61 58
27 Jialu Charlie 50 笑 84 56 65 36 67 93 56 8 21 43
0 6 57 71 14 19
49 30 62 70 55 64 35 25 23 58 60 59 50 46 46 38 49 5 24 10
74 85 Jialu 笑 54 12
22 61 5 21 77 87 19 37 70 91 67 43 54 48 20 Jialu
94 6 59 83 25 82 20 3 16
70 25 82 3 44 62
哭 0 1 88 12 62 76 3 91 26 42 57 82
88 56 34 34 78 83 85
83 80 35 7 84 49 38 94 18 4 Charlie 33
83 37 37 46 Tracy 92 48 6 47
68 36 4 90 30 43
3 4 11 27 Jialu 61 笑 57 19
12 49 31 26 79 0 39 19 94 74 45 61 37 69 10 哭 14 81 90
92 72 22 10 39 5 13 40 29 19 32 69 27 0 49 81 69 87 83
笑 63 71 10 Tracy 48 88 44 24 39 0 79 53 26
74 60 84 14 Jialu 37 40 Tracy Tracy Tracy
40 78 35 86 87 87
81 73 86 87 82 41 72 0 Jialu 72 90 37 22 8
72 86 18 1 13 25 Tracy 25 77 61 66 90 62 68 62 90 45 34 63
64 33 93 13 13 笑 87 43 6 60 40 24 哭 42 88 82 68 87 68
26 20 59 57 72 52 57
0 45 4 49 27 42 59 55 20 34 57 71 3
33 87 78 57 58
49 64 4 40 8 哭
3 63 85 70 84 54 73 90 72 62 28
73 5 64 14 21 53 94 74 49 86 30 94 63 15 68 笑 9 64 91
76 55 75 Charlie 69 26 70
87 18 87 20 74 74
49 84 20 62 17 18
54 78 4 72 37 28 3 69 69 72 90 60 32 87 77 87 57
88 17 23 9 44 21 19 73 28 44 62 66
94 20 93 93 25 77 13 44 94
65 4 89 1 54 75 79 69 67 27 14 45 7 13 24 80 28 66
53 86 92 37 62 74 8 92 80 25 45 5 50 11 17 19 72 70 84
12 14 86 71 28
15 92 59 73 79 63 39 22 64 72 88 58 67 笑 19 69 24 1 7 50
37 66 63 84 78 22 31 88
31 72 79 81 58
21 45 26 Charlie 49 17 34 19 88 64 90 41 15 20
27 88 89 94 Charlie 87 51 49 65 31 17 45
94 7 66 Tracy 51 78 57 51 35 21 42 31 81 40
1 89 41 61 76 61 78 21 88 13 89 89 31 52 78 56
78 18 51 78 6 16 61 66 91 87 33 66 31 10 94
63 23 76 87 10 91 48 64 0 50 89 91
76 0 41 10 82 93 24 74
54 16 63 44 21 9 92 28 10 39
85 52 17 92 81 90 30 54 24 66 65 19 89 46 94 86 31 39 76
67 78 51 47 36 77
38 89 11 47 71 笑 9 94 83
23 Jialu 39 93 88 11 30 34 37
38 88 16 32 0 45 33 30 5 35 40 8 42 35 55
4 92 37 86 34 86 Tracy 68 3
16 13 76 12 74 21 80 87 91 71 52 12 80
79 65 5 31 52 8
21 23 83 87 82 68 73 63 90
34 Jialu 0 89 Charlie 18 4 82 27 42 74 86 74
87 23 Jialu 62 67
5 49 44 37 64 56 8 81 76 73 11 33 75 68
4 5 87 9 15 25 22
84 36 18 44 3 57 Charlie 2
24 哭 50 84 83 33 72 86 Jialu 15 75 0 41 35 10 9
62 19 70 33 19 81
52 15 4 32 10 29 Charlie 26 66 66 65 85 49 86 73 24 Charlie Tracy
88 43 7 39 82 92 22 笑 51 35 4 45 55 70 80 16 60 68 80
89 30 79 53 21 80 89 23 50 83 66 51 84 30 82 3 38 9
53 80 56 91 32 11 46 65
37 21 46 9 36 11 54 10
93 80 46 78 11 57 74 20 71 38
18 34 25 35 16 85 69 32 66 笑 58 93 Tracy 71
45 61 69 67 1 67 55 81
25 54 64 37 41
11 79 9 40 79
23 9 21 59 35 55
71 52 35 86 29 87 6 75 78 8 Charlie 77 93 5 36 13 0 38
33 45 31 69 38 22 19 哭 31 14 56
65 72 34 29 76
9 26 24 64 30 36 哭 85 56 44 2 75 24 37 29 22 28 10
34 63 4 4 73 17
78 56 70 74 45 21 52 60
73 27 65 63 49 44 38 哭 76 93 25 25 55 71 11 84 1 42 9 65
80 4 32 67 46 36 84 64 34 8 79 6
27 66 80 71 89 0
Tracy 48 27 42 17 15 47 81 52 24 78 7 20
72 56 81 28 71 6 53 Tracy 74 57 63 34 58 78 67 76
59 23 60 1 61 69 79 40 Charlie 74 2 0 Charlie 51 39 51 72 Tracy 91 89
65 47 59 76 69
49 8 76 18 40
73 32 50 39 76 65 笑 5
6 74 16 72 35 57
8 58 9 70 91 14 0 26 20 11 8 11 38 71 46 16
94 27 27 31 57 63 10 83 26
88 8 45 21 37 0 72 69 94
26 29 39 69 64
3 28 66 50 40
Tracy 79 90 43 27 67 46 57 57 67 47 47 53 76 35 46
0 15 18 0 48 72 24 79 73 26 79
63 79 Tracy 79 28 43 78 27 14 7 66
20 57 24 94 61
55 16 58 20 18 37 18
3 3 22 Charlie 73 27 9 30 50 2 75 78 2
68 46 63 91 54 33 16 15 15 22 85 84 37 89
79 21 63 87 35 66 15 30 81 72 88 90 73 40 Jialu 53 38 54
93 33 81 24 71 12 29 92 笑 51 81 86 64 19 12
81 84 24 32 72 76 66 53 7 48 23 15 53 87 87 36 57 40 14
89 24 77 43 91 92 74 83 16 3 77 3 42 37 16 5 7 Charlie 51
67 33 哭 65 15 61 61
19 54 Tracy 25 51 90 14 32 94 42 65 55 69 30 哭 93 30 4
22 71 13 3 3
55 37 59 30 15
76 34 41 28 93 49 29 4
Tracy 6 78 26 43
76 45 31 69 48 87 82
62 45 67 Charlie 83 52 77 35
11 Tracy 13 54 21 24 73 61 4
Tracy 91 33 58 82 11 68 52 73 25 29 82 笑 83 69 26 59 93 91
30 60 11 哭 87 65 26 83 33
80 86 40 71 34 54 11 38 3 14 72
35 73 59 39 71 56 92
26 56 8 5 44 33 53 93 笑 35 57 67 93 29
17 85 88 94 31 56 66 87 Charlie 88
23 Charlie 36 29 65 42 Jialu Jialu 89
85 15 79 78 5 69 37
61 71 22 0 20 59 24 90 42
29 4 81 29 54 94 19 36 71 59 32 14 94
10 12 63 4 66 55 83 32 41 67 87 49 82 49 34 32 21 9 77 48
58 68 55 54 36 19 81 8 55 46 5 80 83 33
79 86 39 8 69
42 31 11 77 42 28 35 18 15 75 3 16 6 93 0 94
Jialu 10 笑 17 30 41 7 58 59 35 26 23 28 50 86 9 57
68 49 60 76 50 57 8 90 94 54 6 32 18 19 Jialu 85 33
29 4 30 80 91 13 81 87 49 58 22 65 65 75 8 Charlie 71 55
94 68 55 87 81 84 91 68 85 5 62 2 91 10 70 4 27
6 58 笑 22 17 63 5 74 44 94 17 71 81 77 60 39 13 26
29 74 64 84 20 94 哭 83 12 19 65
19 59 40 3 39 93 83 11 89 9 30 52 Tracy 57 65
31 77 7 34 70 Charlie 12 4 45 34 67 89 2 54 66 34
93 84 86 23 2 58 50 88
64 87 11 3 63 88 91 哭 36 6 82
12 45 13 Charlie 31 84 46 25 93 56 55 50 11 44 55
40 48 79 14 29 44 89 64 65 66 92 91 Charlie 70 91 80 69 90 41
43 69 Charlie 5 20 47 89 76
43 66 49 20 62 80 56 24 54 63 56 57 31 15 30 36 39 78 48 72
笑 93 19 65 25 21 38 80 51 37 53 32 17 47 22 57
94 Jialu 27 45 87 2 15 28 54 30 37 36 31
63 82 53 21 28 94 0 83 笑 68 52 67 77
40 3 55 89 87 23 Jialu 57 81 64
43 87 37 80 47 43 42 76 43 10 73 7 14 41
哭 61 46 3 91 33 14 52 32 81 66 23 76 69 71
55 3 33 31 54 33 86 9 34 6 68 75 87 11
47 83 38 29 84 42 78 57 65 32 36 78 哭 12 29 28 43
61 43 40 37 3 71 87 67 27 77 88 42 19 88 50 68 65 3 7
哭 29 86 31 78 17 89 47 56 92 63 11 53 59 56 81 69 18
10 64 30 39 73 36 37 88
79 57 79 70 16 19 1 笑 55 37 21
24 93 51 笑 26 50 92 41 49 61 60
49 83 22 24 69 74 29 26 94 59 33 45 69 10 47 4 62
笑 Jialu 41 Charlie 49 51 64 22 50 48 26 11 86 68 3 29
30 28 91 86 62 69 62 37 74 Charlie 24 50 17 30 43 84 9 29 Jialu
88 68 76 24 35 86 32 93 91 16 63
51 16 49 29 3 51 33 48 19 58 58 29 17
36 89 33 2 28 73 48 70 43 27 66 87 55 66 38 53
77 3 50 82 62 58 49 10 62 23
35 哭 10 3 47 58 74 69 Tracy 74
90 88 56 36 72 40 64 76 36 78 84 16 34
10 92 73 37 83 24 85
64 29 20 14 11 84 哭 47 68 84 3 9 87 80 83 75 54 27
34 75 6 40 72 86 14 18 72 10 71 10 27 70 64 84 17
29 74 52 39 28 76 24
55 1 77 53 49 89 31 66 41 93
28 81 49 84 73 笑 75 10 30 42
45 85 55 44 56 78
44 88 10 11 90 71 82 33 46 33 64 76 90 78 60
87 14 17 87 80 63 82 44 57 91 74 60 45 26 13
33 88 58 58 30 22 63 68 94 35 46 61 23 3 46 18
73 11 7 7 75 69
62 31 77 32 28 87 78 10 30 笑 20 64 24 46 Tracy 58 41 76 15
64 13 25 92 45 94 84 10 48
63 60 62 12 73 70 73 39 61 9 80 Jialu 80 26 94 69
57 62 85 16 69 29 5 78 44
70 93 14 48 67 55 81 35 34
49 53 10 16 14 51 75 24 53
41 41 28 75 31 90 39 13 30 63 51 92 91 39 39 6
Tracy 61 Charlie 35 33 47 笑 4 哭 42 77 5 80 74 笑 72 67 1
58 82 31 笑 63 45 68 44 Charlie 61
19 94 39 71 32 2 48 78 2 11
62 77 19 70 80 8 21 69 4
89 56 20 32 87 60 Charlie 80
7 65 26 56 27 89 35 52 84 74 53 Charlie 84 63 19 27
34 62 55 0 Tracy 31 23
88 12 38 33 20
79 58 3 31 20 10 49 62 45 0 35 73 88 0 笑 60
59 34 22 15 29 91 6 28
66 60 75 26 53 11 0 62 29 54 86 89 Charlie 19 30
30 38 76 40 52 62 31 73 84 46 4 10 24
10 61 21 65 75 83 哭 81 17 8 76 83 48 41 35 10
51 64 Charlie 71 63 35
48 20 24 46 58 31 78 7 48 27 15 68 4 0 72 57 53 94 32 76
13 1 50 28 50 69 12 笑 56 94 7 35 1 61 8 24 34
79 90 83 16 14 7 63 84 26
85 笑 49 28 24 82 71 66 2 19 0 41 9
Jialu 74 11 15 42 93 23 25 20 3 68 80 75 43
48 14 46 38 39 83 42 49
18 33 Charlie 86 17 1 53 58 33 3 82 51 14 51 66 19 64 22 4
45 40 79 74 23 52 14 83 59 87 Tracy 21 60 94 41 82
38 94 2 44 94 2 84 57 44
87 91 34 68 77 60 5 84 50 70 20
56 10 62 33 14 46 75 39 25 40 3 25
61 15 67 61 29 笑 61 41 20
52 25 12 哭 76 47 49 34 85 70 61 75 6 6
81 91 23 92 26 73 6 58 58 笑 3 31 70 68 66 81 63 25
40 57 69 73 54 29
49 20 90 91 16 17 49 83 11 20 16 77 35 72 3 85 46
36 51 32 16 47 66 31 45 48 0 79 71 7 69 59 15 85 13
73 18 40 59 13 32 79 7 42 80 21 23 2 29 18
77 84 1 44 66 55 23 Tracy 92 85 8 57 61 28 41 85 91 40 84 63
22 68 35 53 26 Jialu 14 84 13
75 69 74 50 49 82 14 83 36 34 82 75 笑 50 86 25 17 59 28
2 44 59 11 Charlie 72 59 23 87 91 33 59
8 48 3 77 63 53 76 2 笑 Jialu 94 72 69 5 56 46
