68 9 62 22 12 22 66 5 18 45 Charlie 65 84
61 0 45 89 31 23 哭 75 56 39 笑 Jialu
19 66 34 8 93 34 62 74 7 56 93 87 90 46 40 87 8 92
91 59 6 0 2 37 76 83 60 42 Tracy 48 85 66 71
3 19 26 Tracy 51 53 9 60 26 35 56 24 74
0 78 25 56 6
55 12 1 44 38 66 30 74 24 45 73 51 55
86 93 77 57 25 76 61
50 Charlie 57 31 94 79 Tracy 63 68 21 50 35 41 17 81 28
56 94 15 84 30 59 43 66 38 59
44 3 3 40 37 Tracy 1 2 56 87 27 0 27
16 73 48 48 71 41 62 36 93 60 50 91 16
94 38 29 3 43 笑 3 71 83 25 28
36 3 9 8 59 88 77 51 46 Charlie 83 30 48 8 32 73 65
35 笑 笑 93 74 63 85 38
28 13 25 74 26 57 73 57 26 52
26 81 67 7 16 42
87 38 71 53 22 46 77 71 Charlie 2 Jialu
92 70 82 75 笑 79 68 22 10 14 10 68 30 20 48 4 5 14
84 49 39 84 0 31 84 31 74 15 54 78 1 82 17 32 7 7 36
56 20 54 41 17 Tracy 5 12 72 74 27 55 26 14 84 84 92 70
45 55 30 54 30 2 23 77 83 4
23 Tracy 86 92 75 1 65 26 41 30 71 0 32 13 28 90 23
23 18 16 54 64 32 67 51 3 29 12 58 83 84 1
50 12 0 14 21 33 56 67 86 66 7 46 90 笑 8 58 30 92 4
66 3 73 85 63 78 57 笑 36 45
35 20 笑 66 4 17 7 79 45 83 56 59
47 63 38 15 28 22 4 39 9 69 67 87
48 笑 74 8 29 80 21 16 21 18 55 55 5 81 59 49 26 69 23 44
78 5 75 46 90 18 27 45 82 13 46 53 24 63 37 32 76 88 55
7 4 56 17 75 26 16 56 25 51 45 3 71 39
31 91 72 80 93 78 50 48 74 53 56 89 8 8 69
63 15 47 29 7 52 23 61 21 0 83 69 39 31 62 52
Charlie 18 24 61 23 76 58 2 60 69 31 82 85 50 23 89
36 73 46 27 90 16 85 11
55 79 89 87 49 62 62 13 93 66 47
0 30 67 70 9 52 17 68 64 38 Charlie 19 36 57
91 47 69 22 87 15 52 57 52 75 7 75 37 73 40
72 41 84 70 26 59
65 93 46 16 62 77 50 90 80 42 7 Tracy 82 47
52 70 7 71 29 75
16 89 12 67 34 74 6 47 31 10 89 83 32 62 7 9 39 93
44 7 50 93 46 66 84 78 92 87 76 28 55
41 51 40 笑 33 80
59 71 68 87 73 28 33 35 27 88 5 40 61 39 56 2 38 24 74
78 8 1 57 22 25
77 15 58 82 43 86 6 94 59 43 27 67 13 29 85 23 76 Jialu 50
74 51 79 哭 哭 49 90 72 2
58 Charlie 66 38 10 71 2 6 41 2 70 44 4 28 35 6 6 Tracy 7
6 39 13 7 65 44 94 55 79 46 5 43 74 Tracy 23
0 19 17 81 63 Charlie 27
7 72 56 84 83 61 44 61 81 59 56 8 84 13 9
15 13 63 28 Jialu 63 Charlie 33 88 84 30 61 75 69 47
89 14 27 47 18 47 85 79 12 69 79 4
Jialu 10 77 2 50 Charlie 78 77 22 62 34 19 26 33 5
24 75 9 57 88 24 63 36 39
43 74 10 13 10 69
57 87 75 54 94 54 54 16 18 81 85 85 34 17 62
40 8 Jialu 63 54 46 6 91 9 4 72 26 85
8 64 84 33 29 52 54 92 25 2 69 56 92 26 Jialu 22 23
0 78 26 43 15 22 77 Tracy 34 61 52 69
28 61 71 18 46 78 5 52 93 24 66 23 83 84
46 68 59 91 34 4
93 82 12 47 笑 38 52 55 52 21 62 68 65 76 36 61 74 2
32 18 45 77 51 3 46 26 72 71 18 38 80 46 73 56 11 94
14 笑 67 88 80 85 86
84 86 46 0 28 65 41 5 80 35 61 83 58 41 61 28 81 48 36 0
12 27 57 62 77 54 62
46 35 44 18 18 48 57
21 72 53 54 Charlie 77 61 44 85 51 78 73 72 35 90 38
61 51 46 84 13 14 82 19 2 9 94 Charlie 66
74 20 8 21 86 47 81 Jialu 52 25 6 17 26 5 71 43
21 Tracy 66 69 16 14 93 5 27 94 34 4 67 65 76
13 8 64 14 37 44 21 72
哭 27 60 84 61 36 24 Jialu 80
73 65 7 88 73 31 20 81 71 32 66 33 笑 3 41 6 2 70
49 69 43 65 18 75 57 47 79 Tracy 30 6 39 21 82 Jialu 27 5
73 2 65 52 33 89 80 1
49 81 79 92 49 76
66 21 87 77 55 76 11 1 86 14 69 91 22 14 34 21 25 39 18 18
35 27 1 66 71 26 77 74 Tracy 83 32 9 71 22 76 46
Jialu 28 54 2 61 58 22 85 77 20 45 19 47 51 49
19 21 10 83 66 12 55 2 Tracy
44 70 41 56 91 19 42 78 94 30 40 40 51 16
38 5 43 10 3 59 16
37 23 27 34 24 45
76 10 笑 0 Charlie 87 18 55 50 17
37 10 56 66 90 48 40 90
76 72 47 20 5 28 25 64
2 37 19 90 74 笑 30 12 18 50 87 43 48 48 34 4 61 Jialu
61 63 80 85 85 哭 17 40 63
19 71 13 Tracy 67 54 62 60 28 84 1 65 62
45 55 37 25 48 29 55 28 42 27 22 92 66 79 67 51
10 2 26 66 59 83 4 0 0 73 哭 2 21 59 39 35 7 45 2
94 37 3 Jialu 17 1 34 79 79 46 28 68 23 4 Jialu 7 6 54
92 4 2 43 56 91 10 6 90
89 17 44 88 40 笑 17 53 50 4 84 24 81 23 38 64 40 16 56
4 26 35 39 74 88 62 31
80 30 64 87 40 50
2 47 43 5 12 63 65 22 9 27 8 11 57 39 48
76 50 15 20 21 7 62 57 64 56 64
1 24 22 19 78 3 12 81 72 8 47 70 12 66 32 78 25 37
86 82 78 27 20 7 93 81 41 64 18 72 85 13 76 93 37 45 18 10
3 76 50 10 46 50 Charlie 43 15 14 88 44 Jialu 45 13 69 91 55 9 54
67 52 90 23 63 32 56 22
26 18 91 65 56 0 21 63
81 1 Jialu 78 笑 Charlie 4 42 69 87 19 21 83 52 22 63
35 Jialu 23 20 12 20 51 80 14 19 70 哭 49 15 67 94 42 64 82
48 21 60 6 39 10 64 42 69 71 33 2 13 17
62 71 31 43 40 53 30 83 14 9 10 49
60 52 25 10 1 44 1
75 7 93 Charlie 66 哭 29 11 55 75
47 1 81 19 22 7 49 22 20 2 18 Tracy 84 54 28 0 55 88 16 60
59 41 6 62 49 79 62 32 80
17 37 74 85 42 39 62 68 32 89 62 84 10 65 10 52 77
14 74 38 27 61 7 52 77 67 55 27 77 62 86 60 29
63 62 92 79 6 41 74 49 46 6 77 14 63 30 94 19 94
7 2 15 36 85
43 44 76 23 27 23 19 37 55 7 18 18 94 17 79
29 48 39 61 28
22 28 65 36 86 92
72 Tracy 28 Charlie 67 38 48 34 46 19 68 28 87
28 84 89 55 75 69
44 76 41 54 49 63 24 51 10 16 78 93 82 33 61 5 88 25
54 69 89 88 76 74 58 69 2 73 0 3 58 41 25 66 61 42 12 87
74 62 9 60 65 53 65 15 82 86
62 82 59 60 83 22 86 5 31 25 51 30 31 79 81
81 66 11 7 11 58 22 3 3 88 55 45 47 75 53 31 1 89 Tracy 26
73 25 18 7 83 21 68 15
61 75 58 23 89 39 27 69 25 82 12 47 52 18 76 62 37 47 Tracy 19
85 69 46 0 86 25 笑 66 9 67 67 89 76 3
13 哭 43 89 72 73 69 3 90
哭 58 93 84 19 37 23 1 82 36 27 哭 67 70 71 87
0 52 14 80 63 69 51 80 8 4 32 48 55 68 47 94
87 23 59 7 11 46 59 52 55 42 49 75
64 Charlie 60 41 44 25 94 70 38 9 Charlie 20 31 92 11 41 11 Tracy 71 63
8 85 43 93 49 5 29 77 Jialu 3 34 51 42 87 69 43 Charlie
48 47 10 74 55 28 32 59 22 15 61 71 71
5 9 75 44 83 78 51 71 50
74 53 81 30 30 9 45 38 69 90 7 46 68 51 21 35 36 笑 55
32 34 4 34 75 30 55 67 67 41 60 64 93 48 45
23 72 18 40 25
44 3 45 9 Jialu 27 72 4
86 8 42 45 31 6 44 89 65 52 哭 58 笑 59 73 77 14 0 46 48
69 39 74 4 37 69 88 7 49 18 27 66 2
3 60 35 71 23 91
50 29 41 54 82 笑 9 85 51 Jialu 58 58
46 56 17 83 12 19 2
24 笑 23 18 41
90 62 哭 45 51 59 62 46 93 42 34
5 36 4 13 13 14 33 93 41 34 13 8 47
26 28 59 37 11 24 83 16 91
62 66 8 49 19 60 9 哭 33
45 13 12 27 12 40 74
56 36 60 哭 80 21 26 1 75 26
84 77 48 86 14 22 66 21 28
37 37 19 67 21 77 40 39 77 23 59 45 89 93 70 84 79 Charlie 7 62
37 20 48 67 87 44 Charlie 2 笑 哭 39 2 80 45 3 41 21 Charlie 44 78
64 89 55 80 32 64 57 86 7 4 59 1 30 33 72 86
8 53 81 笑 15 42 41 23 48 93 18 69 Jialu 53 33 59 57 54 45
27 37 8 40 42 52 33 33 69 22 47 22 56 50 42 4 20
15 24 44 39 68 28 20 91 66 71 38
1 39 89 笑 57 49 70 86 77 18 40 13 4 39 48 49 88 72 45
笑 Charlie 59 10 64 67 33
0 74 21 12 11 85 51 18 89
83 71 85 15 17
17 63 38 笑 78 24 68 17 43 39 32 50 78 30 5
89 56 7 45 51 90 59 30 44 75 笑 72
55 60 89 26 1 65 67 37 17 74 10 9 83 31 20 7 83 59
11 6 24 51 30 70 93 22
59 73 61 51 61 71 68 42 79 70 92 41 4 75 39 6 73 11 77 71
85 52 56 23 43 21 49 57 67 1 87 64 88 83 Jialu 65 14 72 67
3 49 73 53 哭 10 71 4 40 48 29 2 1
73 56 41 72 29 68 58 65 Charlie 93 49 58 83 79
Tracy 0 38 18 64 33 88 59 77 78 50 80
44 10 25 66 89 74 42 85 53 26 60
8 44 61 37 9 65 23 40 42 56 85 10 87 19
61 58 87 35 72 23 73 19 11 2 24 58 22 68 55 90 67
74 10 35 72 60 47 66 44
47 23 36 笑 47 30 54 9 36 22 93 11 43 60 14 30 72
48 49 77 30 73 52 47 54 35 11
55 82 92 Jialu 55 15 30 Charlie 63 71 74
2 50 10 5 84 20 3 41 50 Charlie 25
49 Charlie 45 40 26 Tracy 4
91 6 40 59 38 54 19 3 5 4 37 84 57 23 哭
88 3 82 62 75 5 23 30 30 49 1 76 85 73 0 65 15 79
Tracy 29 26 42 24 51 47 20
66 61 88 48 47 58 20 76 59 24 69
3 6 87 65 39 78 83 82 92 35 26 哭 57 75 22 38 27 83 86 9
6 47 87 0 71 2
7 0 69 71 83 哭 66 43 38 28
82 哭 54 12 43 23 12 17 46 3 67 20 44 18
8 74 14 68 9 22 55 79 49 69 27 38 12 46 62 93 55
20 5 35 71 33 59 21 18 38 48 57 89 68 83 45 75 68
17 59 11 29 12 23
3 85 Charlie 20 71 48 38 12 15 71
93 87 14 67 22 68 50 43 40 9 93 32 1 10
Jialu 80 77 81 哭 25 79 71 58 17 56 20 77 21 49 9 87 36
36 14 34 40 34 5 65 26 94 27 94 39 83 35 9 75 59 77
20 93 53 27 33 11 19 73 30 92 19 81 46 38 80 50 87 28 哭
89 笑 13 47 37 73 62 38 14 10 82 66 14 31
7 90 71 11 82
68 89 77 7 17 92 哭 64 94 88 36
56 63 15 77 50 31 笑 62 71 51 79 51 70 43 50 11 13 84
69 21 72 77 46 Jialu 14 笑 78 26
18 84 1 23 29 19 18 12 82 19 18 20 46 86 Charlie 73
59 18 44 Jialu 62 79 62 32 54 78 8 4 60 55 64 41
86 53 89 13 30 7 65 76 24 0 85 31
56 34 Charlie 45 84 58 93 13 6 58 47 41 32
54 16 56 92 64
8 81 92 38 44 75 70
2 94 36 0 49 91 44 77 9 29 Charlie
15 43 33 89 89 87 61 25 59 3 25 19 11 25 18 69 9 Tracy 1
Tracy 47 69 88 57 66 27 33 94 35 58 22 47 55 81
笑 2 72 1 41
72 5 59 29 62 92 90 13 37 62 41 2 77 29 89 20 89 46
32 68 16 73 70 16 28 17 85 46 41
15 Charlie 89 11 11 2 5 18 64 86 85 Jialu 40 60
哭 45 72 49 91 19 11 73 25 Tracy 5 7 80 61 1 35 5 Charlie
0 25 56 Charlie 33 44 笑 Tracy 55 11 55
44 81 87 91 27 36 73 62 66 64 58 91 51
0 89 64 40 63 88 32 59 32 51 19 14
25 39 49 17 24 74 47 61 Charlie 82 2 32 36 52 86 3 53 18 18 74
86 83 66 29 35 77 10 24 64 86 36 53 17 94
56 65 2 88 36 26 62 37
58 15 56 3 61 2 70 35 35
94 5 86 49 91 23 90 94 61 66 83 6 39 84
64 6 23 74 52 92 12 43 37
72 34 74 41 93 57 73 40 72 53 89 48 88 69 44 45 52 45
54 31 7 10 46 62 35 Tracy 12 40 Jialu 74 5 62 45 89
10 18 17 38 15 11 16 18 72
36 70 哭 71 Charlie Jialu 49 25 5 50 40 71 Tracy 93 Jialu 64
19 28 40 32 70
17 19 12 13 66 2 73 51 笑 87 37 29 59 28
48 85 73 50 3 86 77 笑 86 26 53 38 53 33 19 Jialu 79
87 26 60 37 54
24 22 56 21 89 36 37 Jialu 88 45 52
73 36 92 22 10 26 7 85
50 16 26 49 10 11 0 笑 6 66 59
53 1 62 66 36
91 78 47 50 58 81 18 90 10
61 10 14 70 11 15 笑 69 1 88 4 50 38 86 60 78 15 47 32
63 90 2 83 49 35 24 77 30 31 61 88 11 18 21 69
52 82 哭 92 41 68 37 18 59 53 73 38 2
哭 30 14 92 88 44 57 32 44 18 48 23 91 70
89 69 90 55 13 笑
41 94 67 14 88 48 34 29 75 Jialu 90 93 2 47 22
47 30 10 Tracy 67
57 15 3 31 48 93 26 42 73 83 笑 75 64 9
79 43 32 78 30 20
16 62 72 8 91 9 6 80 86 5 37 39 42 12 5 5 58 Charlie Tracy 51
30 73 0 86 13 Tracy 12
79 77 73 90 12 92 45 2 91
53 40 8 10 84 71 33 26 31 1 75 90 73
哭 9 93 8 74 14 92 11
79 14 82 73 80 80 9 83 68 63 8
91 68 0 26 23 29 60 76 79 35 14
53 16 19 50 Charlie 6 86 43 65 75 54 13 62
42 36 11 34 45 24 21 37 60
85 68 4 81 4 84
55 29 40 66 40 26 36 53 36 31 56
81 40 42 25 9 10 86
31 34 85 65 76 26 93 78
2 34 28 32 57 26 2 47 50 80 34 92 47
16 80 83 43 50 54 36 45 22 92 23 22
80 91 11 75 38 16
33 61 71 62 2 Tracy 73 24 30 75 48 50 34 51 88
11 60 1 76 35 45 11 30 77 42 0
89 78 21 笑 9 63 哭 65 52 48 86 67 71 35 7 24
47 7 44 1 94 67 25 77 39 27 92 26 26 6
39 59 1 56 6 76 28 68 53 7
31 4 29 91 64 94 20 31
29 84 80 Charlie 3 7 3 89 94
33 41 56 88 89 50 30 38 63 36 78 45 22 75 42 38
24 57 43 77 66 0
82 46 62 9 53 59 62 38 44 10 27
94 60 92 85 88 75 21 2
87 94 30 5 61 Charlie 14 32 68 67 33 52 34
66 45 66 90 79 43 57 81 60 8
73 21 91 83 14 16 80 64 40 7 88 24 30 84 26 78 53
15 8 63 75 37 16 79 14 60 10
52 82 56 25 74 73 10 49 81
28 40 80 48 40 31 笑 67 0 2 88 33 7 13 65 49 67
Jialu Tracy 17 8 2 82 86 0 Charlie 62 62 Jialu 85 89 25 笑 64 68 93 66
52 88 41 8 53 31 27 22 44 39 10
87 6 33 33 Charlie 62
48 85 83 55 94 91 5 72 90 63 57
14 35 5 25 85
笑 19 1 51 64 66 5 17 93 85 3 12 34 28 38 0 90 42 59 17
5 21 82 27 0 83 6 36 46
25 92 2 46 30 11 51 22 18 84 26 36 87 17 11 64 56
39 10 68 67 87 56 74 46
48 20 89 4 Jialu 10 17 46 90 84 68 Tracy 39 25
15 92 67 94 71 81 91 62 28 6
73 71 24 1 15 46 10 48 75 23 43 53 50 40 94
11 79 78 7 26 79 38 85 84 88 83 52 55 78 61 49 42 90
Charlie 3 76 30 52 56 84 73
86 12 69 86 81 6 65 5 19 41
71 8 56 39 3 82 50 25
33 31 18 9 12 6 75 73
75 78 17 Tracy 2 79 25 78 62 84 60 62 54 60 91 94 47 88 12
19 19 30 27 37 43 21 笑 1 28
笑 93 50 12 54 16 63 77 40 78 43 10 92 88 38 48 Charlie
Tracy 82 66 75 5 85 64 53 32
43 58 52 69 Charlie 44 笑 63 93 48 48
13 77 1 41 52 60 54 23 80 44
36 34 4 55 88 86 27 35 39 39 29 69 81 33 6 48 85 60 22
42 Jialu 64 33 31
15 56 笑 7 90 47 76 19 47 80 73 23
42 75 28 59 15 42 8 13 70 26 75 90
16 35 25 Jialu 91 35 9 20 23 16 68 44 46 15 0 65 29
62 3 7 52 31 90 4 50 18 28 48 79 34 Charlie 92 43 69
49 31 91 24 63 71 32 3 68 93
54 44 42 72 Jialu 71 18
73 66 11 38 14 66 15 81 89 15 70 11 23 12 90 92 43 70 88 59
67 8 3 76 87 43 58 92 Tracy 77 10 30 32 67 24 85 11
44 49 92 31 39 7 40 92
8 42 24 Charlie 80 21 42 49 Jialu
75 32 40 49 23 32 63 26 13 5 43 85 67 6
84 17 8 88 19 5 8 54 61 93
75 46 0 51 92 53 15
8 笑 26 72 15 83 2
36 5 90 1 86 3 85 87 6 51
39 80 25 47 56 76 92 65 41 2 75
73 87 18 47 哭 笑
34 62 59 0 12 18 45
5 39 89 48 61 87 81 41 18 45 15 18 87 71 79 84 54 58 哭 74
52 66 0 79 3 82 28 40 54 64 15 哭 5 57 25 65
28 5 29 31 45 27 86 21 36 93 5 26 Tracy Jialu
4 哭 91 1 47 37 55
73 18 29 4 84 40 17 35 47 32 61 39
50 70 50 31 30 14 39 83 45 40 79 84 69 85 94 82
16 Tracy 65 56 77 57 29 77 54 5 Jialu 34 62 笑
73 Tracy 39 87 67 64 50 56 30 52 78 48 82 77 76 63
5 27 18 55 85 13 77 86 65 24 52 24 42 66 9 67 73 14 13 59
4 12 58 2 39 Charlie 10 41 4 94 76
哭 90 91 2 79 64 91 47 46 49 86 67
70 50 94 2 64 2 5 8 Jialu 43 0 35 78 15 86 54 74 48 4
51 87 88 49 28 26
33 74 30 64 哭 70 Tracy 66 25 50 74 30 74 49 35 30 14 22 Tracy
62 22 11 46 41 47 54 19 58 37 59 4
笑 60 44 0 83 68 21 9 1 68 26 29 18
83 57 91 83 Jialu 74 72 75 33 Charlie
65 Jialu 14 36 0 31 88 84 92 82 89 11 64
22 52 87 46 84 73 2 8 6 91 8 78
43 42 44 6 85 3 87 91 Tracy 27 47
2 3 77 89 11
21 71 4 86 0 62
77 Charlie 16 48 61 30 72 59 28 70 47 56 27 59 73
58 43 Charlie 37 68 22 91 93 82 74 11 15 64 43 90
44 62 Tracy 67 49 69 21 Tracy 8 32 70 75 47 16 27 91 27 Jialu 17 33
92 70 82 30 46
28 63 91 42 29 49 61 94 12 59 61 49 39
68 39 7 9 0 65 81 31 33 0 哭 哭 82 63 81 45
81 8 59 49 88
60 52 Jialu 61 87 92 4 Charlie 笑 63 84 6 笑 63 20
38 74 85 83 58 67 0 48 17 19 28 71
74 66 47 87 25 44 15 88 16
37 73 10 54 21 64 26 15 50 41 60 笑
56 67 13 9 77 10
77 57 51 78 54 68 22 51 哭
59 70 61 48 3 15 16 31 38 45
58 3 87 88 哭 18 65 34 69 75 70 26 75
24 80 7 16 55 87 31 45 28 19 74 68 20 2 80
5 50 3 56 0 90 50 78
8 3 48 37 82 0 28 哭
37 81 25 62 47 85 60 89 44 61 16 78 70 20 29 76 94 88
76 6 52 51 16 93 12 43 35 89 37 94 42 Jialu 9 63 9 60
32 3 62 16 40 1 Tracy 60 哭 37
61 15 1 30 Charlie 6 1 84 64 16 36
22 74 12 49 91 70 15 77 75 58 3
3 27 88 25 67 20 29 63 0 60 14 14 73 6 89 Tracy 24 31 14 5
49 69 43 51 74 64 57
22 14 63 57 26 54 6 89 5 89 30 70 86
笑 10 9 38 79 62 44 15 67 22 22 34 12 35
7 92 32 49 14 19 72 63 36 52 19 91 11 29 73 92 83 86 15 7
78 59 79 15 51 13 21 75 28 73 89 13 78 83 65
3 Tracy 47 75 83 64 54 28 35 72
16 43 9 50 2 63 1 94 44 31 42 80 20 6 63 60
20 Tracy 80 6 80 45 11 52 78 56 14 13 10 54
47 21 40 89 7 40 56
28 76 25 36 66 68 Jialu 8 1 32 36
36 60 83 7 22 41 62 71 93 82 70 70 42 71
47 68 45 Jialu 71 69 54 Jialu 30 55 38 3 85
27 94 18 14 65 1 85 9 21 1 92 87
Charlie 0 43 89 81 87 4 17 81 10 67 2 63 48 57
87 30 Jialu 47 76 15 14 46 51 9 19 24 26 Jialu 31 75 80 91 30 30
85 41 51 8 89
4 65 23 93 65 0 81 15 哭
69 59 19 51 10 88 40 92 76 63 26 72
87 92 68 81 72 52 2 25 27
83 49 25 11 83 56 75 Charlie 89 23 52 59
9 79 51 3 Jialu 51 83 42 56 52 90 51 7 13 81 94 81 53 14 43
7 Tracy 0 21 56 68
74 63 58 38 84
52 35 65 5 74 22 28 27 55 90 54 59 72 71 43
50 93 58 24 13 38
14 85 67 82 52 77 71 9 2 43 46 9 笑 76
76 67 77 31 20 82 28 93 53 40 87 10 69 93 61 3 29 8
94 64 51 11 62 笑 64 26 11 37 34 28 29 50 87 94 60 85
68 21 41 88 52 哭 61 13 71 17 37 24 4
94 18 2 58 66 93 71 62 45 88 47 14 21 52 89
65 75 48 20 70 84 50 6 69 5 75 Charlie 47
82 66 58 13 72 85 63
58 68 58 70 15 30 16 10 74 35 40 25 37 哭 4 43 22 70 40
37 29 17 36 39 24 75
92 41 67 62 57 41 57 25 65 44 92 Tracy 10 15 13 84
87 7 41 51 50 31 1 58 92 55 82 7 2
46 39 Tracy 54 笑 65 33 72 21 47 3 11 笑 25 31 42 4 2 25
50 66 35 49 59 16 30 81 88 68 91 56 72 80 46 6
37 17 19 16 63 71 60 67 2 21 48 9 84 86
22 75 82 34 18 1 80 84 6 63 40 笑 15 82 77
43 28 6 29 49 8 39
88 93 笑 93 Jialu 笑 70 35 58 笑 32 44
51 90 51 50 笑 18 36 1
44 87 79 Tracy 89 54 39 50 69 46 67 70 13 86 32 50 92 92 88
49 Tracy 55 93 14 93 70 64 78 29 80 81 39 81 30
0 83 81 1 60 30 76 80 43 71 18 13 21 58 52 56 54
22 55 39 34 2 65 47
34 93 51 39 72 55 Charlie 41 15 76 61 笑 22 73 53 20
84 4 22 22 94 29 94 21
45 10 43 78 73
80 90 24 69 33 5 55 24 24 哭 63 11
11 76 6 80 Jialu 55 63 41 50 54 76 20 15 76 32 32 53 91 86
46 14 73 93 16 83 55 29 10 71 55 3 50 30 87 24 26 77 83
哭 72 39 5 57 81 67 13 Charlie 2 57
77 3 12 16 21 笑 93 60 92
26 20 56 90 哭 13
84 41 93 62 66 56 5 49 2 72 34 94 17 Charlie 65 18 53 Tracy
39 75 75 8 7 21 80 78
40 8 4 23 48 60 8 12 42 62 90 29 89 Jialu 47 10
5 91 16 25 94 87 22 44 29 21 36 Charlie
58 25 Tracy 86 93 45 13 83 73 4 59 42 34 33 82 94
80 53 37 29 51 21 79 81
55 Jialu 71 72 94 8 59 70 87 79 88 56
63 19 0 82 85
43 13 18 94 89 63 83 77 53 40 37 16 92 36 34 14 61 57 8
52 81 93 88 65 74 93 74 40 93 1 56 6 75 56 7 47 44
9 66 78 22 80 1 49 2 62 Charlie 15 24 90 18 67
24 71 93 38 34 56
29 33 76 62 61 12 91 40
94 90 72 72 80 44 58 70 9 75 13 1 3
15 66 48 7 Jialu 53 18 75 25 哭 47 30 94 24 85 18
Charlie 94 67 Tracy 64 57 68 70 38 48 30 30 64 70 43 4 39
74 53 69 38 73 61 86
28 Tracy 27 61 47 52 哭 89 84 31 57 5 89
Jialu 82 86 29 44 92 2 Tracy 64 72 17 66 55 45 44 55 4
8 46 52 58 10 56 34 60 3 15 79 26 76 Jialu 64
9 84 0 56 31 47 53 14 14
55 90 43 Jialu 44 16 71 67 28 58 17 14 63 32
44 56 78 62 68 94 17 13 24
48 85 42 38 93 64 11 Tracy 65 79 12 73 82
84 89 35 18 0 50 30 15 18 39 92 3 81 80 32 90 哭 60 14 15
83 16 71 20 34 71 84 88
81 28 51 8 85 80 20
0 72 14 68 93 69 4 13
72 43 69 55 41 30 10 12 74 45 60 92 31 51 30
83 11 92 60 67 8 63 4 94 65 17
16 69 71 哭 93 46 14 35 25 55 11 79 39 14 85 33 1 23
44 57 37 1 35 65 46 72 6
36 64 35 82 46 60 4 20 62 42 7 21 76 43 40 44
35 59 39 27 2 36 79 83 34 24 38
32 4 17 29 55 88 93 15 47
29 51 28 52 57 22 29 64 82 63 61 22 Tracy 73 9 30 58 15
24 83 0 58 42 36 57 23 76 63 23 93 83 10 48
53 36 38 49 59 12 25 94 62
5 30 55 64 37 8 72 21 31 69 64 84 45 8 7 36 24 46 19
4 65 56 87 90 61 Jialu 30 37 56 14 35 51
19 77 笑 69 82 10 24 哭 92 44 70
19 29 1 Jialu 33 31 61 10 33 58
70 32 85 31 89 77 22 49
1 3 7 49 40 哭 Tracy 13 68
79 94 94 1 73 28 24 笑
21 69 45 78 Jialu 91 3 54 67 33 85 7
50 76 65 93 42 76
78 91 32 65 28 81 86 31 83 69 10 51
88 35 笑 46 18 71 65
69 15 56 10 87 19 Charlie 6 52 35 10 65 7 42 75 84 73
66 32 9 79 15 46 2 10 89 94 81
Charlie 19 5 Charlie 44 19 Jialu 93 29 62 10 91 90
3 27 50 76 39 89 37 13 80 35 65 2 80
31 23 笑 27 65 48
Tracy 34 7 73 59 57 66 84 44 47 37 45 32 13 65 78 38 51
2 57 74 47 89 44 19 8 45 Jialu 47
61 27 47 92 47 17 1 17
20 Charlie 88 26 57 93
46 哭 63 笑 8 12 71
83 36 39 42 91 93 45 18 47 62 33 34 66 Tracy 58 50 32 67
65 42 27 44 65 笑 37 6 86 76
24 24 81 77 9 21 43 16
82 45 92 46 88 86 42 78 19 29 44 57 10 88 89 30 16
24 83 87 63 49 27 39 19 82 89 39 38 32 30 20 41 49 8
20 42 27 1 52 79 11 49 71 11 77 90 83 3 78 55 笑 37 31 5
18 33 36 27 73 10 66 12 87 94 68 19 86 43 85 90 93 29 58 50
21 14 77 89 59 46 Charlie 25 81 82 81 71 30 45 81 2 72 58 52
3 69 30 42 66
11 69 52 77 49 Tracy 35 58 52 69 1
84 27 52 23 43 36 32 47 38
71 35 13 50 21 4 78 75 81
58 4 52 84 29 79
85 89 87 35 7 38 5 61 29 93 28
18 58 80 37 32 67 哭 14 5 47 59 19 23 30 2 5 57 37 44
43 71 86 33 2 5 3 20 2 0 91
83 27 67 90 25 28 6 14 79 25 93 2 39 52 2 44 31 64
87 63 44 75 18 26 26 11 29 17 10 笑 36 65 46
76 15 0 68 1 41 2 25 Jialu 75 91 55 29 14 34 46 82 Tracy 85 Tracy
7 69 72 32 Jialu 80 46 35 87 46 93 68 17 56
84 Jialu 17 Jialu 34 66 55 37 56 51 15 哭 哭 40 93 54 51 92 56 27
92 18 93 77 19 16
87 78 61 32 20 9 63 37 74 58 52 47 46 46 77 16 1 16 37
9 28 27 50 Jialu 65 42 8 31 12 39 47
6 39 70 80 82 4 72 1 哭 1 15
89 33 15 38 93 52 Charlie 13 5 52
23 89 84 18 12 哭 36 87 93 13 32 81 80 7 53 16 0 46 87
28 48 46 13 Jialu
93 63 7 Charlie 20 73 87 48 53
3 27 19 13 92 5 41 57 62 73 58 1 82 86 58 57 68 44 1
46 42 0 27 94 11 43 Jialu 51 88
59 Jialu 91 14 58 79 62
Tracy 37 89 0 59 15 8 11 7 14 32
7 88 4 22 42 2
75 15 66 59 56 41 81 0 63 42 24 85 53 41 80 6 5
91 65 41 53 24 0 78 66 28 18 0 1 54 41 33 14 4
2 10 52 81 6 82 17 Charlie 28 51 52 47 53 8 62
22 56 91 6 42 43 44 93 54 39 44
笑 87 23 44 4 30 77 86 90 55 74 23 92 38 12 61 92 61 Tracy
Tracy 25 10 17 57 39 44 23 91 22 27 57 79 0 57 50
57 3 15 哭 8 49 11 57 76
7 52 72 20 46
80 83 6 52 84 16 35 13 54 20 15 Jialu 17 72 26 23 31 69
71 3 68 22 17 48
89 30 37 48 43 7 71 69 哭 10 86 49 20 44 24 21 58 56 22
Tracy 6 47 1 39 27 2 78 80 20 52 8 76 8
52 0 20 16 75 20 41 29 45 49 7 36
17 87 19 62 20 4 87 86
54 2 94 76 85 6 50 79 14 41 87 13 27
40 4 62 88 35 66 80 61 10 48 69 60 18 72 笑
79 66 11 10 11 73 62 91 25 73
3 54 12 80 77 70 25 33 87 66 51 71 8 44 43
77 81 50 34 80 19 84 Charlie 21 35 34 51 24 80 65 11 80 19
23 47 40 39 47 81 44 44 4
31 82 59 63 20 24
51 31 66 77 22 27 47 92 25 44 70 71 48 3 37
63 73 23 82 79 79 46 20 70 77 1 6 62
81 28 62 15 50 39 1 82 76 92 10 73 48 55 50 91 52 90 79 2
7 76 54 70 3 49 92 2 11 69 24 86 46
31 7 42 笑 71 39 39 81 23
93 44 65 67 62 25 22 54 哭 41 85 Charlie 33 8 57 75 71 91 53 3
38 79 12 81 Jialu 62 93 30 78 59 86 74 90 52 65 91 84 18
72 59 26 57 16 78 73 71 3 28 43 73
2 47 36 35 70 29 93 25
54 86 43 71 34 40 33 60 21 7 64 6
49 73 62 59 74 32 11
50 92 13 63 27 26 Jialu 89 72
7 72 34 52 8
Jialu 14 74 10 78 72 49 21 50 12 89 55 51 5 48 31 72 19
8 81 57 78 0 29 7 86 32 87 11 42 68 41 81 42 49
0 8 20 16 66 41 86 19 57 57 82 哭 7 37 78
26 29 40 43 5 53
10 92 21 88 6 69 79 86 76 73
51 70 35 40 47 11 Tracy 57 32 14 84 5 15
71 20 17 82 11
62 49 46 16 84 43 23 35 64 73 24 85 63 42 52 4 76 23
72 41 44 81 笑 94 74 笑 78 58 55 88 81 49 53 65 51 19
43 14 81 44 86 14 27 67 29 80 18 25 11
13 64 哭 15 1
84 41 56 64 41 13 43 94 6 69 70 27 34 78 66 67
33 5 41 88 90 59 72 29 71 41 6 笑
81 93 56 93 22 8 68 52 64
Jialu 哭 62 49 60 84 56 73 72 35 82 63
88 22 30 66 91 1 68 47 16 26 43 27 77 75 33 63 83 4
93 80 78 40 0 59 21 6 70 30 5 78 69 3
37 Charlie 15 26 74 8 1 20 67 42 68 83 80 57 43
10 90 28 41 72 40 78 33 Jialu
60 76 5 17 76 57 67 67 74 94 Tracy 0 87 9 66
1 24 笑 32 63 25 7 32 77 7 80 19
17 35 43 3 78 32 36 36 58 59 11 32 27
39 3 50 75 78 47 Charlie 34 60 57 60 53 10 8 4 4
15 哭 93 84 10 34 13 3 77 34 13 69 3 29 35
28 74 16 55 62 Charlie 46 4 25 24 19 哭 27
31 77 17 30 88 51 90 77 笑 Jialu 69 6 25
52 36 92 Charlie 1 40 哭 66 哭 66 14 1 76 92 36 24 1 34
哭 3 94 26 38 19 34
77 83 57 20 28 23 78 9 40 32 15 87 Tracy
52 65 75 71 41 45 54 56 17 13 4 12 89
25 13 31 27 71 25 82
8 31 Tracy 89 44 79
10 52 90 43 28 83 57 93 1 54 4 84 22 58 92 55 0 23
8 28 87 46 32 24 24 70 18
94 22 17 53 31 9 24 37 23 19 61 40
10 40 91 45 笑 91 34 1 74 20 61 88 57 42 89 92
72 84 68 Tracy Jialu 76
58 19 46 94 11 88 60 10
87 9 81 19 33 55 82 39 27 Jialu 50 28 12 25 29 72 71 26 45 37
70 6 87 88 54 63 65 89 59 17
40 Charlie 55 77 76 45 94 63 27 71 87 30 88
89 19 73 73 35 65 32 哭
60 0 78 10 58
67 7 73 88 89 53 87 34 18 78 48 34 50 3 15 82 70 23
64 22 13 78 18 Tracy 83 73 71 45 94 51 74 47 57 75 11
39 28 36 94 34 62 94
53 哭 69 75 42 51
46 18 3 84 6 22 25 30 70 82
12 74 90 22 39 83 8 72 24 88 78 76
32 35 56 71 88 67 33 83 49 56 60 85 15 94 15 Charlie 53 2
14 0 36 75 71 78 34 44 5 5 83 9 65 16 48 7 0 64 93
59 51 29 65 17 4 88 14 8 Charlie 47 87 27
67 83 58 72 92 56 29 7 56 48 19 64 38 43 61 26 0 44 74
84 35 84 61 50 31 38 27 74 23 32 65 9 41 94
55 3 44 37 23 41 89 Charlie 24 29 66 21 85 81 83 22
35 41 12 5 Jialu 79 33 17 79 55 42 2 46 48 25 16
Tracy 31 71 56 28 77 67
93 26 88 9 49 9 20 93 86 39 48 64 23 47 25 24 58 69
43 10 40 53 0 7 29 18 72 19 89 22 69
76 3 Tracy 18 13 48
6 42 3 25 37
21 43 18 13 66 66 7 57 35 50
68 18 53 54 36 54 40 0 30 4
11 21 78 62 44 Jialu 38 43 9 24 90 Tracy 49
57 10 39 65 53 42 Charlie 54 22 92 10 94
51 20 72 52 86 哭
51 93 60 86 88 88 4 87 47 93 59 41 27 24 67
84 15 90 64 91 55 63 36 22 90 82 16 18 43
39 9 33 9 4 34 31 49 28 7 88 77 80
25 2 64 17 43 54 34 90 92 62 30 2
21 35 81 59 57 19
81 2 58 33 5 86 34 24 12 53 2 78 86 15 93 64 2 94 Jialu
41 27 42 42 9 22 58 10 75 4 65 16 83 60 79 27
10 59 哭 1 63 93 30 42 笑 45 64 85 65 46 79 81 13 55 8
52 47 74 83 79 89 Jialu 18 41 2
59 87 45 77 笑 70 13 86 笑 84 44 78 57 22 75 57 34
4 67 34 34 52 94 84 4 78 46 64 84 22 86 41
19 64 38 83 81 33 53 49 10 82 89 8 22 40 25 50 Charlie 71 68 6
Tracy 89 3 15 22 67 60 73 65 70 32
51 8 2 33 Jialu 43 25
29 89 15 9 25 78 78 55 45 44 71 Jialu 8 38 31 75 笑
11 26 59 88 54
84 32 63 79 29 8 7 2 Tracy 16 14 62 82 29 37 70 18 64 44 56
66 31 45 47 6 57 24 哭 13 21 11 57 23 42 53 88 25 40
15 10 62 80 89 81 17 51 34 67 22 90 30 78 71 52 Tracy 63 25
14 55 35 32 90 Tracy 94
84 71 83 74 2 63 19 5 69 Jialu 笑 64 22 66
11 84 88 14 2 6 17 79 21
哭 35 80 16 90 79 94 17 85 55 86 48 45 62 34 67 49 37 51 45
28 56 71 87 1 69 23 61 14
74 14 83 17 20 25 17 11 3
79 11 75 0 12 48 58 哭
48 76 42 68 91 50 3 28 59 0 12 78 Tracy 86 19 61
31 74 81 64 23 24 12 68 33 65 64 82 30 75 14 78 84 66
74 32 37 76 66 58
73 83 77 7 笑 53 53 17
88 66 40 47 56
55 85 86 88 20 75 9 31 87 22 65 10 42 34 71 85 70 33 71
10 0 72 25 48 68 68
94 17 41 37 21 86 3 12
11 92 91 77 75
15 76 36 66 91 39 70 10 70 62 77 62 51 5 51 66
93 58 79 90 27 57 88 59 62 Tracy 78 14 39 24 93 85 46
11 Tracy 73 80 42 17 87 76 65 27 8 74 76
59 49 91 83 72 79 3 4 66 83 70 34 39 87 52 55 60 87
85 49 75 4 88 18 65 76 43 13 7
86 61 66 88 91 86 23 55 52 35 46
70 86 14 88 90 78 43 1 26 86 47 27 33 40 25
61 68 61 20 83 36 26 33 12 92 67 70 20 38 79 4 12
34 35 55 61 61 88 65 18 45 45 45
90 89 73 64 79 65 20 79
39 23 笑 39 92 89 89 42 45 92 42 11 52 71 22
34 8 60 25 33
62 10 4 19 27 12 54 76 Tracy 41 89 10 85 33 22 10 17 30 68 笑
44 61 19 68 78 26 72 55 Charlie 90 48 56 78 0 26 19
39 14 6 50 33 70 27 79 2 86 43 62 32 47 13 78 91 2 37
76 14 0 21 46 58 27 51 74 33 71
62 15 78 80 21 79 92 55
19 29 51 72 94 71 19 89 9 25 11 46 29 39 18 63 67
59 73 28 31 1 68 73 48 71 75 43 15
50 76 71 68 4 46 60 91 68 40 60
23 哭 19 Tracy 51 Jialu 58 23 65 45 61 33 10
93 26 45 83 61 哭 12 31 19 51 Tracy 38 64 42 19
71 40 52 3 39 83 70 3 94 42 12 70
36 75 Tracy 44 Jialu 18 11 13 28 47 1 14 6 0 82 12
74 12 14 93 19 39 2 70 Jialu 59 40 2 哭 0 60 6
82 63 90 50 28 93 38 7 55 77 19 34 17 85 88 32
35 75 笑 73 Charlie
75 Jialu 31 41 笑 64 67 57 10
83 29 64 73 60 31 51
16 8 10 52 88 59 55 71 5 87 11 34 61 1 6 哭 5 14 21
72 23 74 10 37 0 19 88
87 1 58 45 89 27 22 18 16 28 24 84 Tracy 10 94 39 88
92 9 59 0 23 18 86 Charlie 62 27 22 3 88 33 3 29 43 64 65 37
15 54 93 7 哭 77 Charlie 哭 94 41 54 36 73 89 70 82 41 43 29 62
16 91 65 27 31
59 2 18 80 82 71 43 69 49 54 59
89 9 25 8 26 1 94 28 12 11
72 82 76 62 45 14 40 31 33 18 84 Charlie 1 58 1 29 79
81 33 37 93 哭 3 77
50 80 28 67 32 36 65 34 38 68 87 9 60 30 80 25 48 48
22 7 14 21 67 56 30 37 7 25 48 63 41 43 77 89 20 33
44 2 31 86 Charlie 7 4 67 14
9 Jialu 61 92 85 Tracy 29 85 41 92 19 47 39 0 46 Charlie
44 74 30 61 0 8 50 62 58
15 0 28 58 0 5 11 80 7 42 16 26 75 1 57 87 72 93 7 15
4 32 41 22 48 19 75 92 84 24 69 72 26 16 21 94 63 73 17
15 22 9 18 25 9 笑 69 51 42 18 8 47 71 4
47 66 1 92 38 87 69 92 2 81 67 77 7 21 71 3 71 17 69 9
94 54 49 92 51 90 33 43 Jialu 79 51 22 83 83 8 59 57 77
78 55 92 21 73 15 Tracy 64 0 13 47 8 87
Charlie 44 47 88 84
12 93 8 Charlie 19 30 46 82 25 60 93 71
77 68 7 67 24 81 55 0 28 32 67
36 74 57 45 41
34 26 80 83 86 25 66 49 71
Jialu 74 9 笑 46 71 40 17 68 19 61 76 4 33 16 57 26 29
45 32 70 19 54 77 85 31 87
29 3 94 31 81 10 8 25 笑 Jialu 67 60 94 86
60 80 64 58 69 91 44 67 63 Charlie 52 57 33 哭 22 65 5
93 23 9 53 26 Jialu 33 44 85 18 43 23
92 65 34 笑 87 80 Jialu 68 Tracy 67 85 80 23 1 13
69 0 74 9 13 40 17 4 83
47 47 51 20 76 8 6 61 21 49 24 57 58 26
39 23 41 40 5 51 72 40 8 64 80 26 0 37 47 75 80 61 38
32 57 29 80 38 0 2 58 66 68 Tracy 46
93 64 37 11 17 0 41 72 39 77 47 34
62 59 45 53 70 11 79 37 6 31 36 47
18 67 2 93 56 5 20 47 11
Tracy 7 34 43 59 92 81 86 76 5
87 85 88 34 49 54 3 14 Tracy 17 80 1 45 31 75 Jialu 73 74 77
51 29 59 8 Jialu 88 15 92 21 54 79 20 57 Tracy 64 8 30 13 38
笑 90 17 87 34 74 52 66 60 19
83 52 26 19 66 69 42 59 83 87 63 68 79 11 56 81 70 39 84 18
27 33 哭 1 84 49 48 92 71 18 55 41 48 21 77 32 Charlie 91 18
3 52 93 73 27 65 12 21 68 78 27 54 62 46 25 92 49 43
19 14 17 笑 88 48 Tracy 54 Jialu 82 12 90 18
15 21 17 70 10 0 35 66
81 85 Jialu 69 26 49 62 0 34 69 23 86 74 43 21 18 3 67
83 85 5 66 33 77 85
4 81 29 31 53 29
81 21 80 51 80 56 13 Charlie 20
23 4 71 67 23 26 70 40
8 Charlie 42 70 59 23 53 14 4 78 75 11 12 30 28
48 36 93 59 92 57 30
61 2 笑 24 Charlie 8 85 81 81 85 Charlie 34 29 25 21 93 2 61
43 1 22 39 8 笑 72 19
15 1 56 69 32 44 53 59 88 93 32
67 62 笑 56 44 4 44 0 32 0
21 81 30 8 42 84 67 8 28 44 5 82 66 25
82 79 40 51 16 36 15 71 74 23 70 84
62 35 58 29 10 51 15 60 24
4 3 4 3 65 41 12 5 88 14 81 92 22 Charlie 11 78 75
13 18 16 24 72
Charlie 23 70 44 9 42 47 82 55
Charlie 86 笑 6 25 17 43 27 18 32 76 70 30 94 89
71 21 29 80 59 6 29 46
24 94 37 32 77 62 69 41 38 53 52 14 60 43 40 93 83 16
67 33 17 45 84 17
46 94 65 32 35 83 28 41 64 85 13 47 34 66 54
63 92 20 68 0 28 50 82 69
24 60 74 62 9 23 79 2 72 44
15 84 哭 Charlie 61 47 62 40
35 16 10 64 65 60 77 41 24 76 22 42 38
45 36 20 73 76 71 32 Charlie 44 45 84 31
50 4 90 18 40 86 88 76 94 27 83 27 32 0 22 77 21 50
68 59 36 90 8 79 50 72 90 24 64 9 86 15 70 1
3 75 12 4 53 8 87 56 7 87 88 笑 80 67 78 23 39
46 10 88 83 32 59
61 83 笑 21 19 50 29 84 55 19 60 Tracy 25 93 68
77 笑 65 36 55 74 45 50 86 47 19 67 33 77 4 6 51 4 17 7
63 12 36 56 61
64 23 18 56 44 65 90 93 86 54 37 54 68 76
Jialu 68 38 57 85 66 31 33 20 36 82 43 91 43 17 75 41 83 71
33 48 70 83 81 59 65 63 47 64 10 46 20 70 0 笑
2 19 58 3 52 10 60 49 14 50 77
13 29 60 笑 11
93 22 20 28 80 42 51 54 48 35 16 17 93 58 43 Tracy 39
74 哭 58 Tracy 7 73
笑 36 91 55 90 56 5 28 83 90 59 7 哭 13 74 22 62
71 36 56 92 39 61 86 72
61 52 65 44 11 36 80 Charlie 21 13 12 34 35
1 87 90 32 22 90 54 61 22 64 88 16 20
51 30 55 56 85 79 23 83 哭 66 54
Jialu 89 61 57 93 7 0 91 18 11 20 29 62 53 49 32 21 Charlie 31
71 31 66 50 16
40 14 12 27 72 21 Tracy 4 Tracy 71 15
24 24 33 68 61 90 85 49 34 27
36 3 46 90 42 83 13
22 57 50 10 93 25
哭 54 42 38 18 24 75 63 50 3 3 81 0 笑 63 85 74 78
77 73 1 28 92 47 34 哭 22 13 5
18 79 36 38 1 85 81
61 77 21 45 14 48 73 53 6 14 25 11 笑 62 19 27 77
32 39 41 28 22 笑 16
37 51 55 61 笑 5 56 7 4 34 16 62 45 13
40 60 83 34 70 10 0 62 20 61 43 92 2
73 52 21 3 80 6 81 笑 59 32
41 35 52 66 38 33 85 25 84 94 4 29 43 30
29 8 3 2 10 28 45 45 28
77 67 28 76 94 51 83
79 34 43 52 24 54 27 23 71 79 27 75
4 91 25 54 12 19 Tracy 26 47 40 46 27 87
48 14 28 54 93 笑 92 22 77 73 19 12 62 68 90 28
84 35 38 8 20 43 12 83 6 86 20 66 61 17 81 60
70 44 1 41 37 46 33
8 40 1 29 24 52 25 9 74 14 64 68 0 10 73 78 57 哭 43
74 47 44 89 45 2 94
笑 77 0 5 94 93 53 Charlie 66 20 0 19 80 67 哭
41 93 75 89 17 Tracy 40 Charlie 5 39 Tracy 13 28 91 55 7 63 42
47 45 67 笑 75 46 4 56
80 78 8 5 33 74
9 71 37 Jialu 笑 Charlie 83 67 39 91 58 88
20 40 91 58 23 2 Jialu 72 39 3 47 11
31 22 1 笑 44 13 14
14 38 82 69 哭 15 Charlie 60 40 55 16 51 86 38 17 88 51 42 55 85
55 Charlie 22 10 91 91 67 44 55 40 70 Charlie 43 16 22 52 5 69 3
32 48 Jialu 93 48 30 49 12 39 15 72 30 77
43 22 51 61 75 23
83 26 80 34 40 49 39 59 80 26 20
53 91 35 82 8 34 47 71 10 12 54 8 15 33
11 56 94 40 笑 87 26 75 笑 67 17 91 2 47 67 94 92 39 1
70 64 39 7 63 50 37 84 87 32 18 56 60
88 38 53 11 93 6
69 7 1 26 85 70 2 13 42 68 20 77 20 2 53
50 69 44 1 11 77 65
89 14 64 20 74 89 46 20 74 5 87 Jialu 11 36 24 46 51
21 37 57 77 85 48 91 4 0 44
18 49 65 31 17 44
84 33 38 26 18 80 90 67 55 66 20 笑 85 26 24 55
笑 75 86 19 60 54 14 67 20 62 49 75
81 91 41 12 1 10
85 55 82 笑 55 52 44
82 15 77 45 72 73 89 88 77 46 50 43 4 34 5
27 79 4 83 53 26 84 60 29
41 11 85 29 1 57 17 69 55 25 47 35 44 25 56 59 74 69 87
47 3 56 46 88
12 38 83 40 35 哭 19 53 70 81 19 58 7
0 37 65 71 94 90 39
92 53 19 94 51 88 48
67 52 笑 66 81 37 47 15 17 38 49 68 27
92 32 5 8 82 66 75 23 38 79 4 88 61 33 30 40 58 27 46 51
56 20 78 27 77 哭 54 58 23 64 54 68 27 54 38 56 9
67 61 60 73 83 56
59 19 28 93 19 58 45 22 19
65 23 76 41 91 47 84 50 13 6 35 72 76
81 83 44 34 52 42
91 37 15 46 88 94 41
65 81 64 Charlie 62 哭 30 84
哭 36 24 53 92 16 81 45 93 88 64 58 75
9 67 41 45 83 73 56 10 47 44 25 68 83 62 53 88 34
Jialu 39 83 19 50 81 87 14 54 30 Jialu
45 41 85 85 88
Charlie 38 49 52 91
6 73 11 65 71 94 22 2
26 75 81 80 8
64 11 76 8 55 23 Tracy 93 93 35 68 0 64 23 91 36 18
53 Jialu 41 54 85 65 45 88 27 81 41 81 58 56 笑 33
62 75 笑 13 53
44 86 89 52 45 76 72 43 Charlie 71 15 38 60 Jialu
34 63 34 21 72 67 79 64 91 64 50 75
46 58 20 32 70 91 46 29 42
75 49 25 46 36 56 5 31 82
29 62 76 38 44 65 16
50 61 49 42 16 1 18 62 44 32 87 59 Tracy 34 47 32 45 10
18 85 90 60 6 83
58 42 5 61 Tracy Jialu 74 67
19 33 94 86 35 67 笑 79 44 58 55 13 30 37 39 41 56
56 9 Jialu 66 79 41 52 75 22
25 59 24 85 55 48 51 92 45 12 86 52 69 42 37
9 4 30 66 77 80 75 44 笑 85 42 12 79 75 21 65 87
39 3 41 13 29 6 88 53 22 58 56 37 70 20 89 75
33 36 50 32 62 41 57 74 88 80 77 16 83 66 56 53 45 52 33
86 82 哭 82 57 52 32 64
15 77 33 56 59 54 13 13 30 32 61 64 59 61 60 10 31 50 36 Charlie
4 66 4 58 36 57 29 83 59 70 19
72 40 66 83 94 19 49 46 12 93 86 15 64 14 63 78 43
52 21 71 65 62 42 2 39 38 90 61 35 76 30 71 41 78 57
32 43 52 22 52 2 72 57 17 0 48 84
13 4 42 40 47 哭
17 83 41 27 36 22 55 14 4 36 58 14 62 28 93 7 91
46 14 13 10 79 11 65 75
35 56 16 19 64 57
72 50 81 18 60 36 42
11 29 58 91 88 82 14 Jialu 94 82 18 54 72 13 11 45 47 94 17 49
24 Tracy 78 73 65 43 25 2 26 84 22 0 86 26 75 62 2
62 0 94 69 53 58 17 77 43 74 70 88 65 84 44 42 70 71 92
47 49 2 73 52 64
81 47 10 50 55 80 26 Charlie 12 36 36 1 94 25
48 49 32 47 81 67 52 85 13 70 0 21 33
11 31 64 47 71 14 3 17 30 85 21 82 78 92 84 48 2
72 9 8 47 60
52 45 38 88 4 37 哭 85 6 34 Jialu
68 50 62 91 68 3 57 85
47 37 83 55 62 31 15 18 73 37 60 74 24 84 11 46
8 70 80 50 44
80 46 13 13 65 40
19 51 73 49 50 92 25 6 43 68 79
哭 16 86 55 81 20 55 74 29 11 4 34
53 Tracy 65 20 84 35 23 Tracy 11 0 9 87 0 72 33 Tracy 60 29 68
50 17 3 92 86 64 39 27 26 60 60 59 31 53 41 14 50
24 Jialu 73 16 27 27 75 22 1
37 81 82 10 23 91 58 78
30 66 40 36 4 50 52 82 7 5
54 71 笑 8 85 33 61 5 2 72 81 40 66 22 66
5 16 26 1 16 10 14 43 80 29 35 44 64 13 91 87 15 75 50 28
45 85 60 61 4 34 3 82 85
61 70 80 55 1 39 82 6 18 24 6 3 Tracy 66 26 20 8 20 46 94
Tracy 24 0 39 90
15 7 62 69 23 82 71 0 74 81 17 笑 5 0 36
59 1 36 78 32 32 38
92 4 35 28 36 71 42 94 29 22 64 50 84 29 6 41 74 30 76
43 1 24 44 34 73 16 36 57 44 34 80
1 69 Charlie 12 77 35 60 45 47 77 哭 38 88 17 54 37 47 88
37 78 38 41 86 57 30 73 48 46 27 54 70 27 45 8 Charlie 9 65
笑 3 66 54 62 62 77 28 14 19 Jialu 71 69 88 76 51 33 85 35
80 53 54 5 30 72 9 83 58 10 19 38 28 28
10 1 37 21 13 70 16 65 16
36 60 57 哭 27 11 52 81 16
7 16 59 79 85 55 75 47 55 19
79 89 11 47 80 50 14 34 8 55 57 34 40 11 52
57 44 85 28 3 62 91
52 34 31 14 44 20 13 48 49 Tracy 20 59 Jialu 54 46 64 54
83 78 6 49 1 2 5 3 52 82 24 13 54 3 92
43 59 26 75 91
56 1 84 14 37 42 4 14 71 笑 15 73 13 79
35 75 7 31 4
54 0 67 88 93 笑 43
54 Tracy 3 77 92 19 87 51 62 80 41 6
9 68 89 63 66 8 64 78 63 7
87 2 13 18 49 44 80 9 81 58 58 19 72 78 Tracy 51 38 28 9
7 23 44 28 Tracy 60 10 59 91 3 94 5 43 71 79
61 85 64 76 46 51 23 61 54 80 70 41 41
83 15 74 93 23 31 86 5 71 87 84 64 58 Charlie 53 92 32 63 94 27
24 81 49 7 67 73 94 7 63
1 23 59 0 3 20
53 8 80 45 64 77 71 9 38 1 84
78 Tracy 47 94 28 30 23 49
70 80 33 86 35 43 62 67 93 笑 35 77 0 59 63
5 39 74 31 78 72 3 20 71 Charlie 29 70 6 12 52 89 77
64 75 31 87 36 19 18 41 87 50 12
79 30 59 83 6 Tracy 37
72 35 39 15 9 43 60 19
89 52 30 40 41 43 28 42 59 11 11 85 94 85 46 94 1 42 84
0 39 38 51 56 77
32 9 56 3 42 47 69 16 37 83 74 32 14 22 62 88
58 15 85 31 70 74 3 37 36 73
81 54 40 9 48 71 19 15 81 49 89 56 47 90
21 26 47 37 38 Tracy 68 48
5 62 37 82 78 Tracy 84
87 14 30 65 50
83 69 9 38 23 75 72 4 67
38 64 21 59 76 1 68 65 91 2 84 84 64 87
44 10 94 13 80 9 25 93 16 13 11 53 56
7 74 87 77 35 13 71 41 33 24 93 80 9 Jialu 62 87 73 71 85
74 49 76 19 52 Jialu 22 67 44 61 87 84 65 67 57 14 34 55 哭
88 12 69 47 26 73 23 48 94 64 52 32 Tracy 42
90 4 7 43 15 31 33 67 33 60
55 49 46 2 36 76 89 0 2 73 23 12 Jialu 8 58 3
72 34 9 17 2 76 63 30 61 84 70 68 Jialu 0 52 86 19 33 51
76 25 38 62 6 64 37 80 40 62 88 0 44 48 12 86 24 Tracy 56 92
44 16 49 57 20 17 5 34 81 1 92 Tracy 90 18 48 75 20 81 79 63
4 64 85 14 16 50 54 66 47 76
85 50 4 62 67 44
59 70 21 69 50 28 54 8 64 93 74 40
88 22 24 10 89 65 88 25 55 40 69
87 64 8 15 22 78 25 44 5 82 73 34 56 25
2 78 43 78 76 63 90 52 53 69 86
73 60 33 58 82 50 86 47 80 84 22 80 33
30 1 64 69 哭 7 笑 Charlie 54 59 88 63 60 35 30
39 18 Jialu 17 Charlie 25 68 64 57 86 80 33 46 44 81
89 3 27 12 11 34 29 75 57 16 14 65 61 86
75 19 76 57 72 20 Charlie 69 61 笑 44
82 84 46 51 哭 72 25 38 31 Tracy 42 1 44 21
64 48 70 67 92 77 Tracy 25 27 80 74 28 31 Charlie 16 33 36 35
68 19 9 79 67 62
8 10 75 45 70 65 47 47 55 15 48 5
90 89 87 37 14 3 67 60 24 67 3 66 66
6 4 32 61 22 81 24 14 75 87
75 93 60 85 46 21 36 66 64 86
42 89 89 94 92
20 70 11 65 12 66 92 89 23 23 48 85 81 59
4 69 89 21 85 65 83 86 91 37 41 11 50
20 4 22 31 38 71 68 73 71
15 91 60 66 72 43 7 80 13 1 93 5 82 72 22 55 52
89 87 Tracy 77 82 54 92
54 87 18 30 36 23 29 13 28 19 91 29 20 91 66
59 88 62 74 38 87 82 71 61 40 78 64 20 42 9 14 78 48
90 94 46 22 8 85
6 57 44 46 57 78 36 80 91 75 82 46 Charlie 50 37 47
23 47 69 42 20 88 72 16 62
48 84 88 54 5 哭 40 1 66 69 18
93 74 88 68 12 92 37 Jialu 13 17 71 48
63 17 88 8 19 44 31 10 27 1 47
47 26 21 51 44 Jialu 64 65
5 21 30 Jialu 23 68 49 37 80 48 38 69 33 53 64 74 10
73 60 93 51 Tracy 67 22 Charlie 10 69 笑 65
8 51 86 87 53 Jialu 49 36 50 61 14 86 80
74 33 53 72 67
52 57 8 54 66 哭 79 42
92 50 37 34 83 50 25 63 15 18 90
Tracy 42 58 37 40 71
12 75 笑 35 82 79 64 50 75 0 36 53 Tracy 17 91 78 58 42
哭 0 73 36 53 14
41 60 0 18 90 76 84 65 24 11
5 Tracy 34 91 54 87 25 21 57 33 45 59
70 68 72 24 3 8 82 30 10 40 24
40 52 21 1 7 64 25 87 32 88 87 53 8 57 52
79 78 58 11 Charlie 26 70 笑 Charlie 哭 39 82 5 84 73 86 Tracy
6 35 13 59 90 14 81 56 42 55 73 93
93 74 15 31 69 27 52 15 84 43 70 75 36 7
4 0 82 2 6 35 5 哭
49 78 68 63 2 17 73 89 44 20 86 81 25 66 Tracy 71 86 24
53 33 64 11 11 83
79 34 28 9 41 52 42 92 19 14 61 20 79 15 24 56 71 45
94 61 13 55 52 74 25 31 64 50 67 Jialu 哭 88 55 47 8 94 43 87
14 84 73 哭 48 82 8
55 93 0 11 33 22 74 41 Tracy Tracy 哭 1 54 93 28 87 Charlie 84
61 65 13 66 47 39 哭 38 1 26 52 20
1 71 21 55 71 73 27 59 65
45 57 73 31 45 43 76 30 24 16 55 63 Charlie 66 83 21
21 34 82 1 51 20 65 61 31 42 71 21 5 20 23 3 57 1 32 60
0 16 28 15 69 33 28 1 72 8 51 笑 8 13 24 8 30
8 89 80 88 40 1
6 32 80 71 15 81 93 66 87 65 83 24
83 67 64 61 91 33 91 2
63 5 28 Jialu 87 6
56 89 13 41 46 15 2 65 39 Tracy 51 35 12 67 4 60 29 Tracy
87 哭 16 46 90 58 45 70 52 39 7 10 56 53 59
20 70 46 57 35 53 81 7 69 43 49 Tracy 92 44 8 笑 83 43
39 0 64 63 78 4 73 哭 59 59 14 20 93 16 94 27 89 36 55 33
17 62 73 37 27 93 2 79 50 72 75 82 75 40 30
72 91 81 Tracy 76 82 49 16 Jialu 47 47 89 30 52 Jialu 38 15 90 59 82
87 51 47 42 78 3 61
63 66 56 64 71 40 50 70 71 76 45 88 52 48 51
84 54 24 45 67 56 65 65 35 22 78 6 54 9 47
1 13 55 23 Charlie 19 25 82 63 73 76 40 11 13
46 73 Jialu 55 60 34 90 70 34 0
18 47 66 33 94 71 82
1 1 68 32 4 92 42 39 88 69 74
30 56 48 75 63 4 44 15 69 0 42 4 65 59 89 31 20 11
79 0 46 67 17 24 27 42 94
19 92 22 80 79 53 87 63 47 17 80
37 22 28 54 1 笑 68 48 76 64 67 93 22 89 35 4 36 85 94 68
39 89 80 83 24 23 60 38 9 46 69 26 2 21
58 87 40 0 70 75 50 26 53 48 42 12 79 Jialu 40
44 19 74 89 Jialu 57 36 哭 85 65 46 54 81 74
40 17 42 5 47 41 63 49 53 5 44 Tracy 69 61 26 28
27 77 19 26 62 哭 42 63 69 72 23
44 32 33 65 13 55 89 17 21 16
26 71 48 42 10 0 66 79 88 38
32 91 27 25 24 24 15 48
28 24 50 84 75 16 13 68 73
哭 83 33 Tracy 40 82 33 42 49 53 73 52 32 0 52 27 46 0 Tracy 89
35 81 59 37 57 56 55 13 64 Tracy
1 63 60 45 40 36
34 60 Charlie 85 5 69 94 68 3 87
82 78 59 55 89 93 85 4 24 14 78 30 5 77 61 41 67 5
32 11 43 58 87 49 87
66 73 Tracy 3 32 48 61 6 92 60 82 54 哭 7 55 37 48 70 53
77 78 17 12 4 6 58 2 70 76 27 74 26 59 10 61
76 24 34 20 54 50
24 61 11 7 5 12 14 0 12
89 12 21 76 30 54 9 Jialu 45 13 5 56
50 3 1 25 18 7 88 92 Jialu 62 23 81 85 44
65 6 89 46 10 Jialu 4 86 47 68 35 21
63 50 9 31 54
24 64 87 88 46 6 46 66 65 23 哭 15 13 68 64
65 40 2 66 70 44 3 81 13 Charlie 3
53 28 15 26 69 85 12
26 23 33 66 25 38 82 88 21 笑 26 43 24 42 87 23 93 65 42
Charlie 6 55 72 9 53 20 69 33 94 25 68 78 79 24 65 91 11
6 67 92 40 14 4 40 88 92 13 8 37 Charlie 36
17 0 76 44 66 Tracy 27 6 8 14 1 9 哭 36 11 49 36 36
11 44 84 20 笑 23 83 73 84 33 19 32 23 16 77 64 82
58 52 20 69 43 0 6 75 66 34
90 36 91 88 7 28 40 79 87 36 34 17 89 30 83 15 11 哭 57 Charlie
58 87 75 12 25 27 50 72 64 64 25 71 83 91 39 78 8 24
75 77 21 30 62 64 44 4 16 50 52 33 73 86 69 46 78
9 71 58 63 50 90 47 57 笑 57 43 6 80 72 72 51
20 31 60 75 46 93 33 21 59 46 Jialu 15 64 4
87 61 笑 46 27 58 80 24 54 64 11
92 63 79 83 48 47 67
72 61 哭 66 Tracy 哭 5 34 30 38 76 62 75 Tracy 71 25 23
47 34 7 23 78 73
73 78 25 0 6 67 94 20 40 73 73 52
56 18 0 82 48 74 55 70 64 70 41 47 25 64 72 61 82
94 29 40 47 41 10 Jialu Jialu 87 67 哭 94
78 64 21 53 90 84
53 37 78 28 0 64 43 29 66 64 72 36 42
87 63 71 89 10 35 4 38 56 48 82 37 31 36 36 12 19 12 87 92
Jialu 64 64 48 14 90 66 63 66 71 27
79 61 60 Jialu 69 38 82 21 38 89 40 62 12 72 10 21
10 91 84 82 10 25 64 42 Tracy 0 68 45 0 55 6 92 49
28 59 61 47 32
34 87 88 28 60 88 76 70 92 53 63 73 65 67 74 76 17
67 3 81 43 16 54 32 31 31 86 9 13 Jialu 29 18
45 18 79 60 79 5 Charlie 40 Jialu 70 33 13 55 77 1 25 80 62 64 24
36 26 72 41 14 19 75
78 33 22 82 94 61 83 80 83 58
58 40 70 32 68 28
12 32 59 5 6 40 71 38 47 76 53 6 15 49 81 90 哭 82 66 哭
41 31 63 14 68 20 45 81 11 70 43 67 41 14
74 94 90 41 65 49 84 20 42 60 84 34
88 71 67 10 Tracy 80 62 0 71 77 15 54 42 57 93 2 51 哭
笑 75 78 93 37 90 8 52 26 78 0 7 49 9 67
64 43 32 75 6 80 59 25 65 22 92 73 82 64 91
55 78 26 笑 94 6 64 37 78 40 60 23 70 77 47 Jialu 34 27
53 81 51 19 60
40 0 62 16 90 24 8 76
22 Jialu 81 13 6
79 37 42 6 40 Charlie 47 85 50 47 61 40 51 26 55 27 20
86 89 31 76 19 73 27 25
45 56 2 64 51 68 19 Charlie
4 18 0 55 48 15 16 71 38 56 45 31 23 80 85 66 6 84
63 笑 34 63 0 64 29 86 81 14 Jialu 84 2 90 0 28 56 11 77 哭
49 89 6 1 40 76 22 18
78 25 6 19 笑 89 33 13 62 85
1 76 Jialu 25 69 48 7 42 4 18 42 74 85
94 2 34 83 14 68 71 70 33 20 85
67 79 59 48 23 78 62 88 32 93 50 25 22 57 7
67 21 94 12 77 18 5 17 笑 43 39 34 41 27 91 81
59 57 87 16 85 79 37 71 71 37 67 40 55 60
30 70 58 82 49 14 笑 80 13 3 81
58 37 68 15 21 25 54 61 23 78 11 47 26 43 48
70 92 43 33 44 Jialu 86 24 34 63 72 11 76 72 60 71 19
71 87 93 笑 52 45
0 83 83 69 48 Tracy 40 3 51 83 15 75 32 23 93 26 43 62
91 83 0 60 31 64 28 80 3
62 31 58 93 8 63
83 80 81 51 2 3 41 20 9 88 78 48 14 76
39 82 78 52 43 48 31 78 68 25 9 34 12 69 22 12
57 65 54 17 42 32 36 91 82 45 60 26 40 88 89 16 36
12 47 8 26 60 88 74 61 79 53 80
45 42 23 7 7 3 63 44 3
Charlie 44 哭 1 48 57 Jialu 11 59 78 92 46 91 16 40 55 Tracy
24 14 34 7 57 1 84 10 28 16 27 37 4 7
66 29 Charlie 45 47 84 28 30 哭 61 38 55
61 86 哭 35 63 85 86 28 66 72 25 笑 77 93 52 60 15 31 52 80
92 38 43 Tracy Jialu 30 53 85 16
85 83 21 81 65 78 0 71 45 73
10 52 2 94 79 24 78 5 93 6 59 67 29 66 91 74 77 71 27
60 0 79 45 70 1 90 62 55 32 86 61 笑 47
31 60 76 4 79
49 19 8 26 Charlie 84 65 76 36 2 53 36 86 63 92
27 65 77 94 24 20 48 47 1 70 35 3 21 42 83 40 80 85 Jialu
35 36 72 67 31 81 12 28 23
78 47 69 10 35 85 40 34 7 79 74 85 25 72
25 73 94 44 82 4 68
76 86 43 80 11 34 65 23 2 82 44 50 76 26 17 32
91 20 Tracy 58 Tracy 84 42 12 70 24 28 哭 57 57 70
42 20 60 30 86 16 30 86 38 81 43 41 41 93 94
79 50 9 32 53 51 12 68 64 58 24 94 29 59 48 4 59 4 16 10
76 51 87 84 87
17 73 44 74 75 60 32 57 60 42 73 17 4 70 77
84 33 Tracy 20 29 34 31 89 77 70
59 87 20 44 83 89
Jialu 19 5 22 91 19 30 42 18 70 77 48
69 40 88 52 31 63 31 24
33 61 5 27 36 16 60
18 41 28 79 72 32 50 38 71 80 62
88 22 2 78 2 4 18 0 7 4 85
3 33 15 75 36 11 23 69 17 39 72 Jialu 53 91 88 Jialu 66 49 18 40
30 83 13 50 2 49 24 48
17 92 43 48 15 55
17 72 88 63 54 79 50 11 36 47 10 16 61 8 10
54 87 笑 33 51 58 91
22 20 3 78 笑 37
52 74 87 25 27 91 74 86 Jialu 68 55 4
53 58 24 24 13 15 64 84 笑 37 69 49 33 32 92 67 32
13 83 33 40 8 34 88 91 53 69 92 66 72
54 50 3 88 61 40
80 24 21 47 62 69 58 34 42 45 34
58 94 88 13 41 50 73 64 55 48 21 12 51
59 37 67 88 1 50 22 93
35 84 0 24 4 64 77 5 82 58 0 86 88 91 69
56 60 92 86 43 12 76 49 66 13 36 25 63 48
22 17 哭 22 8 54 38 Jialu 18 83 42 22 45 35 45 68 38 17
87 66 Jialu 8 25 47 33 81 19 88 61 83 32 89 63 1
89 53 51 58 85 43 67 59 59 79 54 48
89 59 4 63 32 53 76 50 62 17 50 3 88 哭 35 49 5 57 70
10 50 26 37 24 86 74 53 28
16 82 27 79 35 43 83
24 70 43 25 7 哭 7 60 76 54 80 75 76 31 23
33 51 11 55 75
19 6 20 7 78 91 3 48
92 0 6 37 78 哭 20
44 33 72 73 31 67 89 6 4 46
52 85 哭 28 28 10 91 8
12 48 34 14 Tracy 21 4 88 71 40 Jialu Tracy
86 2 22 33 哭 5 14 50 84 64 5 38 86 86 5
4 92 85 45 14 45 68 44 53 3 74 32 50 37 哭 20 72
Charlie 84 44 20 9 16 65 22 36 40 55 66 82 24 19 82 64 Charlie 47 14
12 52 12 1 38 80 19 9 13 23 93 27 60 69 19 88 44
58 70 29 27 20
72 8 46 91 87 51 57 9 58 4 Charlie 59 8 16 8 27 38 93 62 21
18 91 65 21 23 77 55 29 14 61 43 49 53 19 20 87
63 29 91 51 50 88 38 81 94 46 50 60 76 28 34
62 79 4 67 34 10 65 41 71 20 71 54 34 63
94 73 56 75 88 90 61 49 3 75 14 32 58 Charlie 52 59 80 39
54 7 65 58 30 4 79 92 8 32 58 93 65 36 53 40 14 23 27 51
77 89 Tracy 53 21 83
9 61 61 0 86 43 70 27 23 66 79
75 57 91 20 12 54 31 41 13 6 65 4 12 20 49 65 74 81 30 43
88 14 44 9 67 Jialu 62 82 76 55 85 92 92 85 16
48 17 88 12 7 15 30 45 81 1 51 21 11 39 50 76 27
51 92 3 61 41 81 75 73 61 44 18 10 76
19 32 34 61 10 64 64 71 24 45 60 19 84
4 58 88 38 52 81 4 哭 18
2 55 笑 53 68 15 47 58 78
48 6 42 32 27 35 21 76 27 26 47 47 59 2 27 48
54 83 74 51 14 40 71 28 Jialu 50 Jialu 36 10 13 45 17 9 4 67
88 74 14 30 31 15 32 Tracy 85 55
28 48 1 笑 70 19 1 63 Jialu 28 35 3 63 77 79 42 38 哭 89 3
76 8 45 8 21 17 79
Jialu 30 7 22 Charlie 61 16 11 59 8
79 6 21 4 66 81 34 48 6 70 45
76 22 5 33 65 59 83 50
72 Charlie 80 77 55 哭 73 27 69 29 37 37 17 82 46 57
94 85 Jialu 40 59 67 40 笑 68 39 25 17 47 76 19 51
12 70 50 18 Tracy 60 71 51 20
16 84 37 54 63 35 10 17 80 76 63 40 63 94
59 7 47 31 31 86 91 82 33 54 40 12 13 90
13 5 16 54 67 94 43 85 32 48 68 38 26 74 52 4 50 74 86 6
6 7 4 Tracy 80 83 22 80 Charlie 35 24 61 94 53 36 37 20 86 84 笑
23 33 76 55 14 78 54 13 70 哭 93 20 77 84
31 15 Tracy 80 10 55 57 Tracy 93
73 3 46 63 85 38 65 92 66
87 67 22 27 21 0 1 4 82 37 8 53 75 73 14 54 64
21 33 42 9 16 67 68 61 44 59 8 38 43 26 26 57 12 46 60
Charlie 38 3 74 7 86 28 18 21 63 79 4 44 47 49 88 91
54 46 94 17 89 47 82
13 62 90 63 79 50 65 Charlie 3 4 1 52
5 19 71 84 31 91 59 3 1 45 8 78 40 13
68 84 51 56 38 47 40 70 哭 6 5 30 76 82 62 20 55 80 92
93 34 20 1 Tracy 39 52 5 50 笑 Charlie 15 15 22 93 60
7 2 38 12 43 7 47 26 47 12 90 56 45
29 91 94 33 68 46 51 11
16 4 76 80 66
63 69 Charlie 80 53 50 84 47 22
69 91 24 55 49 41 56 25 60 81
94 22 85 60 Tracy 24 17 87 4 Tracy 32 82 27 56 41 94
17 45 86 56 5 22 59 笑 55 35 14 45 Tracy 72 33 92 4 15 77 46
67 39 92 4 63 89 83 58 19 6 72 18
2 19 41 44 40
91 9 4 Tracy 34 14 50 31 41 65 51
88 46 72 23 26 38 89 60 28 92 16 28 22 25 2 Charlie
12 30 87 91 92 40 12 52 8 10 65 18 36 88 Charlie 14 27
10 36 90 72 67 10
78 42 94 43 76 38 40 63 91
53 2 88 79 94 76 48
58 9 64 45 87 49 9 49 19 14 78 10 20
89 34 27 23 72 72 90 61 84 76 笑 66 58 8 84 93
笑 84 34 84 Charlie 15 37 43 42 94 55 13 36 92 14
27 27 36 51 32 87 27 39 58 Jialu 25 81 Charlie 61 59 51
34 58 32 57 17 28 45
52 64 83 8 41 15 53 80 3
28 62 77 6 33 84 39 7 3 31 23 51
79 49 14 38 76 38 59 84 74 89
26 Jialu 27 42 56 12 笑 76 47 72 13 7 24
66 6 19 7 75 32 75 27 55 45 74 24 13 22 87 48 93 23 2
20 94 22 16 Tracy 37 83 25 77 71 80 Tracy 46 45 93
23 73 73 36 32 9 79
34 58 6 56 27 1 69 94 27 16 77 Jialu 72 29
79 48 33 9 5 50 94 哭 12 70
62 89 78 70 82 64 7
49 83 13 23 88 16 49 19 15 Jialu 73 59
2 89 46 51 33 74 62 87 56 17 0 5 12
59 66 52 46 89
87 2 14 笑 34 43 51 40 72 59
20 55 91 42 59 86 54 10 12 21 18 9
4 10 48 27 47 32 37 51 62 53 57 31 26 12
哭 36 52 8 69 38 0 13 89 88 21 63 92 36 83 63 84 笑 78
30 1 21 78 49 69 34 29 38 68 57 73 26 笑 84 36
42 49 29 36 68 8 6 42 38 33 79 Charlie 19 Jialu 21
34 55 55 0 48 94 4 24 66 14 40 9 61
67 17 56 哭 22 65 61 47 81
17 25 47 63 64 10 29 43 82 73
5 88 3 14 70 71 57 17 1 67 87
57 54 57 86 80 Jialu 87 60 34
19 0 Jialu 35 38
17 36 71 91 80 83 45 7 18
64 18 92 83 12 81 56 84 77 78 16 0 93
39 哭 39 37 83 66 23 15 63 4
77 31 12 63 43 42 70
72 93 49 49 9 34 46 88 53 19 93 24 19 16 10 66 49 27
19 92 41 89 3
75 11 27 35 5 62 85 7 4 85 24 6 36
24 22 62 0 29 44 58 74 89 68 90 36
9 18 37 48 20 13 0 48 33 5 65
36 24 47 50 46 哭 16 61 31 哭 0 4 35 49
53 84 7 0 33 90 62 5 90 24 76 48 52 63 71 93 5 24
86 7 74 5 54 44 Tracy 2 9 22 77 34 50 10 36 80
62 43 80 67 77 36 84 17 82 80
32 Tracy 64 12 53
88 43 11 76 84 49 28 93 29 42 24 46 8 49 75 60 87 Jialu
94 37 56 9 71 92 36
30 24 48 49 48 77 42 25 54 89 86 49 笑
33 94 88 64 68
50 60 5 70 78 Charlie 42 30 88 41 80 60 16 9 67 30 50 41 33 52
82 80 Charlie 笑 20 2 7
69 65 27 45 29 7 5 68 39 70 45 51
79 7 Jialu 8 65 76 65 73 11 87 笑
11 52 89 10 56 75 13 69 1 47 44 56 30 43 7 80 35 27
46 85 13 18 34 55 20 21 10 14 80 7 38 哭 55 81 37 51
84 8 93 47 哭 3 6 4 52 94 8 45 58 20 20 47 34
20 88 6 48 1 35
76 28 76 68 55 10 53 23 94 29 55 6 89 89 68 37 78
0 哭 92 84 63 6 33 88 38 65
36 8 66 32 Charlie 46 46 Tracy 62 7 3 88 77 10 74 71 58 91
35 71 20 9 81 12 45 59 10 37 52 16 7 51 61 77 59 81 58
45 37 2 66 36 14 63 53 49 10 71 93 67 70
哭 10 75 26 67 13 63 56 1
85 44 6 11 Tracy 51 32 73 47 36 17
76 47 61 14 94 82 66 28 58 59 15 5 12 84 92 11
36 26 1 21 36 80
44 20 17 92 86 3
56 70 74 24 35 38 53 64 90 72 91 91 66 48
67 45 65 89 67 28
Tracy 66 36 12 37 75 50 13 59 8 6
92 62 86 45 67 59 77 62 36 57 83 76 69 17 11 59 46 9 47 65
32 0 68 53 65 16 53 2 74 26 29 32 57 56 31 Charlie 4 49 88 57
61 40 36 37 17 71 82 52 30 28 27 8
92 70 37 79 1 46 15 47 65 47 89 53 88
81 18 8 65 78 Charlie
46 哭 2 59 49 1 66 笑 笑 60 12 36 39 8 17
33 2 94 72 25 23 85 40 52 36 41
69 41 10 15 52 85 20 49 75 75 86
75 60 20 58 37 90 66 76 59 36 5 21 31 52
54 61 1 92 51 91 38 81 92 90 77 88 58 15
10 50 6 Tracy 23 15 51 62 82 6 32 19 53 56 79 88 3 19 37
4 31 58 62 63 19
41 64 48 67 39 55 0 73 51 33 47 66 32 21 56 94 41 57 62
88 10 92 86 41 26 50 80 10 1 65
34 18 4 7 61 56 35 29 48 86 83 54 33 68 8 94 57 25 82 76
21 22 3 21 93 12 55 34 93 37 50 65 88 Jialu 77 43 13 65 93 20
哭 65 29 48 39 54 15 48 79 25 33 63 64 43
14 23 3 92 0 14 31 68 72 55 42 84 41 21 86 7 Charlie 67
66 21 83 52 42 50 33 69 22 53 32 15 85 80 8 1 16 67
33 4 86 31 Tracy 80 36 52 87 85 70
5 54 49 39 5
91 46 Jialu 59 哭 90 78 24 21 36
62 36 41 14 25 30 0 94 36
20 28 哭 0 18 44 91
78 86 93 69 32 79 Charlie 17
81 哭 46 75 71 56 62
1 85 33 74 42 29 80 68 85 75 11 45 71 55 49
74 79 45 53 4 42 44 66 88 32 9 53 67 33
71 35 32 17 61 94 34 12 74 76 8
64 70 71 2 91 78 38 76 1
34 18 22 93 76 91 88 84 91 38 21 5
24 89 35 90 23 31 20 59 19 27
39 84 3 77 75 13 43 82 7 77 哭 74 68 5 54 53 16
54 30 3 23 92 89 16 25 93 79 71 9 12 29 27 57
50 21 39 12 32 44 54 28 12 22 15 30 89 37 49 19 6
12 45 6 25 1
18 25 26 60 29 82 24 33 19 72 41 44 37 88 70 44
35 78 30 20 10 哭 1
22 12 53 笑 92
92 39 89 38 7 71 92 91 8 58
54 48 67 87 43 81 Charlie 54 21 87 74 30 67 92 54 14 76
27 41 37 55 51 39 84 40 28 77 5 48 33
7 56 39 68 4 20 74
6 23 23 19 50 17 35 32 39 58 20 82 78 1 20 哭 66 55 91 48
9 0 23 70 67 87 18 44 44 77 27 30 31
72 24 1 15 94 72 29 14 11 66 19
17 82 46 34 51 73 53 19 12 30
55 72 64 76 21 3 哭 21 61 71 13 13 20 79 6 91 21 87
13 42 21 51 13 14 31 43 47 Jialu
11 40 30 10 1 58 32 90
79 35 82 19 8 76 60 66 52
5 5 24 20 94 39 50 70 39 64 32 4 53 64 78 60
52 27 27 66 47 9 34 52 83 26 83 41 55 16 Tracy
31 30 0 40 27 63 74 67 58 79 18 15 69 42 15 82 6
3 30 18 37 22 13 75 49 66 31 42
61 3 0 31 16 31 52 93 24 42 78 53 26 39 62 26 53 81
24 76 18 13 77
74 72 71 7 57 30
70 22 Tracy 37 0 40 24
77 8 Charlie 76 0 58 51 75 32 59 16 28
68 41 58 48 55 29 74 0 2 24 29 84 39 68 87 52 38 Jialu 67
91 44 9 37 23 66 44 65 13 56 0 2 44 51 21 52
11 12 56 65 85 15 18 26 88 7 7 79 67 44 80 1 28 86 37
7 44 68 50 6 66 10 78
42 32 53 84 7 88 7 54 27 60 85
59 27 23 51 44 38 26 25
32 Charlie 66 56 0 1 81 1 82 55 8 17 0 31 60 38
77 41 46 60 19 52 37 32 80 19 25 79 6 Charlie 12 19 4 7
34 75 46 2 57 50 0 72 15 82 Tracy 55 17 15 65 77 79 43 8 93
94 7 Tracy 7 35 70 40 64 92 3 73 79 0 55 6 16 94 92 6 7
3 55 18 63 78 60 50 75 2 0 35 79 9 Jialu 36 80 31 18
55 66 65 93 46 63 28
58 71 34 78 75 17 51 26 76 93 75 46
80 25 67 Jialu 5 6 73 54 20 32 72 43 77 65
69 50 78 13 88 79
Charlie 47 7 9 69 90 56 78 6 11 8 26 61 43 89 54 52 2 32 29
81 70 82 37 笑 2 60 77
9 16 94 73 45 1
10 81 6 49 55 79 35 23 86 35 28 90 93 0 25 29 21
76 哭 17 58 59 47 92 Tracy 14 53 29 31 37 24 7 65 5 50
84 48 82 4 89 笑 89 50 16 31 90 62 54 76
91 61 5 67 Tracy 82 48 33 83 25 86 92 6 37
11 82 48 82 88 47 27 60 6 83 6 14
92 65 90 45 39 46 14 39
10 28 53 77 7 58 91 79 57 45 51 83 44 48 49 45 85 80 9 91
11 87 78 61 9 28 8 54
笑 8 50 79 53 22 3 89 67 83 13
83 3 2 61 10 Jialu
82 Jialu 93 44 42 80 38 93 56 86 86 62 2
52 30 55 86 18 86 38 91 2 26 81 22 44 65 91
53 90 84 82 76 87 65 60 75 6 52 93 27 19 67 36 65 68 63 40
34 90 49 28 59 55 81 93 11 19 16 60 52 52 77 4
59 32 21 66 2 79 42 87
34 67 41 3 7 29 15 34 27 16 24 7 25
63 82 38 84 70 47 42 48 80 26
60 29 54 39 23 63 93
42 51 63 24 73 Jialu 60 16 4 32 90 5 55 93 18 78 63
50 66 58 19 76 49 15 89 Charlie 61 24 86
5 87 31 47 94 34 65 87 笑 49
94 11 41 58 38 87 57 12 55 74 26 4 35 23 75 44 36 84 31 85
52 36 33 16 60 22 17 88 16 82 67 49 67 49 27 5 56 18 51 41
38 12 68 67 34 85 Charlie 3 Tracy
71 15 4 90 5 35
34 85 16 53 79 93 33 56 16 93 69 84 21 81 50 50 25
55 59 Tracy 17 86 7 47 42 2 21 27
79 15 5 92 52 5 25 6
11 6 26 81 42 81 52
80 43 42 53 18 75 39 15 54 81 26 53 60 21 哭 61 21
10 54 笑 哭 92 62 Charlie 17 94 20 78 40 33
33 1 71 笑 61 27 69 73 71 61 69
6 87 19 58 43 73 20 30 82
72 59 40 27 48 93 84 26 7 36 79 90 58 5 66 46 13 76 90 6
78 21 48 68 92 93 38 5 3 28 14 93 9 82 78 85 20
79 19 50 74 24 45 34 笑 71 90 90 94 66
Jialu 49 43 78 86 7 Jialu 92 26 5 29 68 32 40 2 83 70 42 91
55 30 13 89 84 18 6 11 46 21 79 Jialu 笑 9 49 23
71 76 36 7 53 45 7 94 40 90 49 65 58 3
32 24 43 77 3 51 Charlie 19 40 90 84 9 3
73 54 13 8 57 45 39 25 73 0 18
49 64 笑 67 51 15 10 哭 66 55 24 62 84 39
33 63 7 30 2 87 32 22 哭 73 1 70 25 6 40 哭 78 78 20
84 79 78 61 17 哭 59 23 83 44 74 16 20 22 27 12 65 91 8
20 15 44 39 86 3 67 37 88
32 Tracy 49 10 65 63 84 4 59 30 40 79 60 85 9 16 8 13 19
28 64 24 76 3 48 12 0 54 5
84 5 89 7 75 26 37 Tracy 46 80 25
14 Tracy 92 82 63 73 13 83 94 75 62 23
38 78 46 43 94 65
30 哭 86 4 40 76 84 5 Tracy 72 60 62 17
73 93 32 65 78 56 笑 23 19 6 哭 87 94 31 23 34
58 76 63 86 74 29 Jialu 93
36 5 7 28 9 65 28 54
91 17 61 59 23 49
20 41 85 27 67
53 13 1 35 39 19 67 47 31 18 79 22 34 28 74
7 41 62 23 10 64 28 34 Tracy 50 46 70 40 77 65 Jialu
53 25 21 72 89 83 59 38 75
10 37 21 17 53 58 93 19 22
31 哭 83 43 61 37 11
54 64 31 80 66 Jialu 56 62 59 57 45 1 10 27 70 62 8 16 89 20
43 46 47 72 1
94 52 93 14 10 53 23 22 82 25 35 68
10 6 Tracy 75 78 18 51 7 61 10 70
33 28 20 58 67 48 Charlie 94 33 30 89 71 56 42
38 45 5 8 32 94 71 57 79 79 84 81 78 72 72 86 56 Jialu 47 53
27 91 13 61 78 51 93 4 81 28 26 46 90 65
88 21 93 1 41 5 70 87
2 29 61 90 68 60 94 55
77 49 87 25 88 67 24 88 50 20 36 48 53 63 76 35 89 36
11 87 56 47 65 77 45 85 11 31 82 32 75 56 47
71 72 83 12 1 69 36 46 49 21 81 6 45 0
14 5 5 1 34 84 38 6 64 56 13 48 93 58 7 2 78
48 18 Jialu 87 58 49 49 Tracy 49 67
39 35 29 77 24 41 91 11 9 85 54 1 26 9 59 32
10 67 17 41 1 52 74
54 14 53 27 88 33 58 24 8 24 36 38 63 81
4 43 30 79 93 56 22 16 6 84
30 12 74 8 哭 61 20 76 Charlie 70 62 9 47 55 8 0 32 38 39
Tracy 36 74 11 18 78 10 7 37 87
91 63 6 92 79 54 69 69 29 52 36
88 94 92 70 84 48 23 9 54 71 47 笑 34
85 29 81 3 6 0 24 9 20 70 50
85 35 49 15 48 67 47 44 67 36 24 37 83 71 28 53 67 2 80
29 20 20 70 92 83 Tracy 33
5 32 46 56 51 81 29 41 62 12 24 54 27 30 46 57 71 93 56
27 76 61 24 19 38 82 21 7 17 82 69 15 43
55 24 7 53 44 84 48 67 笑 26 80 Tracy 18 17 41 15 83 70
86 25 92 Jialu 10 10 58 47 94 81 76 9 76
66 23 30 28 33 92 90 65 23 68 35 63 55 2 91 77
75 41 25 5 73 9 81 22 64 68 10 83
43 Jialu 64 19 82
16 90 90 63 72 12 10 Charlie 57 17 18
74 35 52 66 47
Charlie 49 10 57 89 Jialu 69 36 44 51 37 17 12 11 91 26 2 1 12
41 64 88 51 26 44 82 87 68 68 Jialu 28 67
91 4 21 54 60 63 89 71
45 12 74 33 69 88 32 62 47 1 26 72 46
20 26 30 77 77 84 53
50 38 65 31 81 45 78 74 71 68 66 80 26 Jialu 56 40 80 64 94 29
47 57 85 54 1 44 87 17 52 81 51 59 6 68 61 51 7 23 26
51 Charlie 56 Charlie 44
23 0 76 52 48 31 66 50 74 80 75 56 84 14 20 笑 16 34 0
76 21 40 14 27 23 45 58 36 61 25 48 34
73 37 33 41 19 62 35 Charlie 13 43 57 87 89 93 72 17 61 77 8 92
72 71 31 28 17 59 39 16 25 笑 52 11 28
30 53 36 63 37
78 6 47 48 20 93 40 89 93 66 44 83
69 24 66 81 24 16 81 60
3 16 34 56 86 31 Charlie 11 67 4 79 32 42 46 40
88 73 73 53 7 67 79 63 22 29 33 46 90 Tracy 10 26 56 9 笑
30 21 45 20 41 63 32 41 35 62 14 14 39 24 80 45 1 66 92
7 86 27 37 2 41 72 10 68
88 72 76 58 40 35 23 16 40 74 37 49 6 81 56 2 21 71
27 74 77 56 86 4 Jialu 59 64 29 66 34 40 59 6 27 33
19 21 19 52 0 24 58 1 82 17 32 61 72 39 27 18 46 13 61 82
22 30 32 38 50 8 62 39 23 71 1 81 80 45 6 49 92
40 43 14 14 78 93 49 57 23 7 68 笑 38 44 49 48 15
36 13 89 83 21 71 86 24 笑 27 17 38 36 6 17
35 39 32 20 85 71 94 77 86 5 0 82 22 55 Tracy 4 Jialu
3 21 Jialu 13 18
4 2 92 7 7 73 1 16 12 37 49 8 22 49 57 8 51 7 12 35
33 92 88 Charlie 60 14 5 31
22 80 39 59 7 72 34 3
60 55 19 48 47 81 48 3 51 78 84 Charlie 69
7 5 4 29 37 78
71 92 65 89 82 66 0 71 81 12 43 80 78 85 34
43 15 68 22 3 哭 70 90 33 46
41 10 18 83 31 24 57
0 27 91 Jialu 52 67 21 60 70 68 42 4 32 4
38 49 81 49 89 65 69 81 Charlie 42 70 9 31 9
35 28 34 42 51
13 50 Charlie 9 20 77 16 78 Tracy 21 85 3 85
51 43 69 42 32 73 89 13 47 86 37 22 50 50 89
28 16 73 51 21 21 0 67 37 19 34
44 15 65 51 23 69 38 1 26 70 61 50 50 56 10 24 9 21
86 90 39 16 75 33 93 62 11 19 7 65 18 84 71
52 3 72 4 4 81 57 60 4 78 60 25 4 54 15 85 51 67 89
19 2 38 13 66 66 27 60 1
3 80 59 72 40 75 84 72 57 42 8 49 57 2 5
94 0 84 8 55 20 21
14 51 21 84 74 70
30 82 14 92 41 91 10 60
0 62 17 79 65 38 笑 54 50 10 33 48 8 87 79 28
37 87 50 56 74 11 45 27 22 41 88
37 69 84 59 54 Tracy 84 54 60 2 39 63 60 69 41 10
Charlie 28 63 5 92 38 45 Jialu 87 70 37 27 9 81 15 25
61 16 58 77 46 21 Jialu
40 40 13 25 55 Jialu
80 65 28 7 94 78 52 46 15 71
2 81 59 2 68 64 21 88 20 3 59 28 27 14
5 71 2 25 51 Tracy 5
13 46 87 58 38
16 74 16 24 8 79 5 40 17 28 54 笑 52 0 33 25 92
9 18 74 55 12 83 17 25 89 29 2 3
44 27 84 26 笑 37
76 23 84 30 70
51 22 4 73 63 10 80 75 4
42 45 83 68 3
笑 32 91 74 57 44 76 23 2
89 54 70 86 43 93 32 91 70 58 71 91 77 31 10 Jialu 3 56
20 79 20 Tracy 37
11 28 59 83 73 78 91 92 69 23 8 3
52 哭 48 16 49 14 27 84 68 1 78 哭
5 12 58 35 77 11 64 68 8 11 26 94 3 16 59 30 8 26 68 47
51 19 79 3 Jialu 69 33 笑
88 44 3 53 82 29 63 39 86 72 24 27 7 10 87 63 73 49
76 93 13 46 79 0 57 84
36 19 38 28 0 55 27 7 28 53 48 2
53 12 52 14 8 75 12 25 79 77 41 31 48 69 56
79 76 84 22 91 0 36 15 8 89 19 29 12 94 86
0 34 6 0 30 25 14 20 3 63 71
2 84 Jialu 32 18 71 56 27 78 84 52 4 15 75 49
17 0 40 16 Charlie 66 55 54 93
68 11 58 53 73 38 40 46 74 18
54 0 27 94 79
35 35 46 9 70
22 49 76 71 6 65 0 31 77
35 62 27 51 78 82 65 73 4 57 55 0
36 29 12 9 30 49 50 20 53 43 42 32 71 16 85 6
71 47 哭 64 67 24 92 Charlie 81 71 4
69 64 41 48 73 46 45 6 Tracy 笑 66 87 84 65 14 0 10 46
39 51 34 76 23 26 41 53 90 19 90 16 93 74
38 15 92 44 38 64 75
79 71 16 30 12 40 40 34 17 82 14 38 8 47 49 43 82 91 74
77 48 82 90 68 35 66 58
59 90 50 31 54 Charlie 86 44 32
10 49 78 15 57 93 4 46 43 60 75
86 24 0 Tracy 46
22 48 90 65 90 74 86 53 93
75 51 29 75 40 14 91 56 73 59
44 54 37 1 47
42 25 73 94 91 69 91
63 6 83 35 笑 82 Tracy 60 47 16 84 90 5 82 Charlie 19 53 8
6 8 76 52 44 64 39 83 59 53 7 56 78 52 33 26 0
58 18 17 Jialu 91
6 5 14 88 53 17 Jialu Tracy 90 71
19 19 79 笑 36
85 21 37 61 38 4 53 56 67 85
9 Tracy 85 38 5 78 37
28 61 79 47 62 86 85
68 49 67 80 Charlie 0 47 38 Tracy 2
6 63 15 46 36 80 38
51 46 25 44 26 0 52 80 72 91 44
2 53 51 27 78 30 Jialu 17 2 49 Charlie 18 47 92 54 Jialu
54 3 65 64 92 41 50
71 89 36 19 74 66 Jialu 4 44 60 Charlie 63
25 60 64 25 75 55 31 1 31 29 77 87 39 30 53
54 16 63 93 81 44 83 45 37 74 35 7 64 38 7 59 48 53 81 82
35 76 57 0 58
35 45 69 77 76 87 51 73 68 Jialu 36 87
80 73 Charlie 29 94 21
76 91 57 55 75 48 12 90
79 75 39 11 34 25 39 70 82 20
11 90 80 33 34 5 90 43 90 74 Jialu 81 75 37 20 2 28 57 4
54 45 44 19 65 43
42 43 41 60 70
12 48 39 49 69 71 48 12 17 22 90 3 93
12 4 13 75 83 32 17 0 67 14 18 65 42 65 35 60 66
61 笑 39 28 39 53 25 55 34 93 16 33 30 65 77 笑
42 45 74 30 13
47 33 84 65 44 61 3
1 60 75 4 5 58
30 18 75 91 54 5 11 5 82 43 93 48
74 0 17 85 71 20 60 34
68 18 22 74 26 40 81 54 86 76 15 2 69 63 79 15 71 70
23 哭 46 85 90 59 84 1 4 81 94 23 1 44 78 36 56
74 15 16 79 75 59 1 52 8 66 27 8 1 89 92 16 77 14 17
53 92 38 59 76 78 71
37 77 10 23 4 93 70 64 37 87 85 87 59 84 22 75 41 51 31 60
54 60 47 41 80 52 笑
15 28 4 24 61 74 74 0 4 31 64 30 笑 66 40 61 45 63 43 28
38 4 69 5 0 35 Tracy 14 85 Tracy 8 15
26 89 74 88 22 22
71 93 74 84 71 85 8 20 53 79 65 28 74 86 18 18 68
78 87 50 26 76 7 24 75 80 49 12 70 39 60 32 20
86 75 0 54 64 53
2 9 10 14 42 13 62 47 10 49 64
51 60 66 64 Charlie 41 18 0 57 55 56 65 78 27
47 12 87 52 24 66 14 71 30 45 84 64 哭 54 Tracy 7 12 Tracy
57 27 46 74 39 84 65 78 16 91 10 18 65 32 19 54
31 3 61 44 52 1 2 68 32 笑 Charlie 83 40 46 40
32 78 24 7 77 Jialu 90 57 36 44 18 90 43 51
2 1 47 23 81 54 7 88 29 70 92 34 28 Charlie 17 75 Charlie 8 76 Jialu
47 68 33 83 63 90 13 69 35 36 37 64 80 17 89 60 17 21 17
31 33 64 2 86 92 68 14 56
12 60 Charlie 13 19 90 44 29
65 74 70 52 84 Charlie 31 89 67 23
Charlie 22 74 27 80
9 73 65 12 2 76 18
57 62 94 61 72 8 17 71 14 17 76
92 3 58 8 哭 43 41 17 14 85 Charlie 14 37 2 23 68 74
11 33 6 5 59 Jialu 69 85
60 22 0 16 77 54 11 6 86 9 42 Jialu 41 32
8 40 60 44 43 13 31 8
13 29 19 12 80 72 92 78 23 12 94 58 54 19 25
30 49 31 67 57 32 64 3 54 7 6 45 90 36 36 35
18 25 83 7 38 90 12 19 65 75
72 80 75 8 34 4 51 42 22 30 37 48
30 26 78 2 51 48 23 59 49 29 0 90 48 71
73 Charlie 7 77 31 49 64 58 6 35 30 35 6 90 76 20 31 67 41
68 7 89 58 48 34 92
41 笑 笑 78 25 50 8 90 31 40 6 94 0 哭 23 57
16 Charlie 9 15 60 83 60 30 8 45 56 58 87 31 63
66 82 53 82 50 8 82 23 24 59 76 24 70 86 11 28 78 17
85 2 38 笑 42 86 34 63 84 77 Charlie 56 79 23 62 35 59 8 38 55
34 笑 34 17 40 0 哭
39 46 70 48 85 Tracy 51 92 42 34 77 59
11 29 66 13 6 89 94 3 Tracy 44 77 44 7 35 8 60 16 80 81 46
18 91 81 62 14 7 60
92 48 Tracy 31 6 58 5
47 48 77 0 88 86 81
11 15 46 76 62 70 56 81 哭 33 50 Jialu 49
89 43 50 77 53 75 72 65 18 45 88 1 70 5 80 18
29 31 51 42 13 93 17
45 56 71 11 73 14
44 77 85 71 30 Jialu 10 74 81 61 6 58 65 0 55 43 71 63 74 90
哭 65 4 69 笑 47 50 94 75 89 60
7 14 13 73 88 66 81 8 76
64 Charlie 17 20 40 哭 57 20 10 26 54 55 73 48
76 40 82 Tracy 59 51 1 12 10 53 19 5
87 48 34 22 6 22 78 56 53 25 70 86 81
4 86 Jialu 82 33 16 53 27 31 56 55 11 2 89 78 76 24
87 1 59 49 44 51 哭 35 19 71 36
38 20 76 13 哭
10 61 44 57 68 33 21 54 56 64 60 49 40 79 60
46 59 62 33 笑 84 5 57 56 35 71 66 Charlie 3 8 78 52 72
72 24 47 52 41 36 93 73
46 36 10 10 41 79 50 57 64 32 63 68 58 68 9
69 30 20 7 Tracy 0 67 92 61 2 Tracy 51 9 63 20 46 哭 4 27
69 74 87 21 17 2 57 36 Tracy 55 15 36
78 91 55 81 66 19 43 68 54 75 6 91 30 78
21 16 82 26 91 25 60 61 68 35 41 61 71
51 14 57 7 42 46 89 10 14 4 16 42 12 15
74 51 46 56 89 77 34 24 17 83 30 37 72 59 25 30 76 24 53 49
37 44 73 52 8 61 39 51 68 28 74 68 44 49 31 74 73 49 23
89 33 67 74 42 41 19 52 3 Charlie 16 35 Jialu 笑
31 19 90 Tracy 20 19 81
30 20 50 91 16 74 56 81 77 7
43 12 69 50 35 78 71 20 82 52 60 56 15 2 7
24 29 30 62 50 79 30 33
13 笑 7 86 3 90 43 8 58
20 63 70 18 7 48
91 47 79 4 44 38
51 86 84 28 61 21 72 74
83 45 73 45 14 17 36 51 0 80 87 33 40 3 88 73
72 哭 4 54 48 49 18 73 Charlie 1 9 34 0 35 93 33
56 71 57 35 84 16 71 62 42 51 15 1 20 29 69 41 48 84 9 70
61 58 21 57 56 77
Tracy 80 80 12 30 52 33 7 71 34 53 49
72 42 18 笑 36 53 20 32 32 15 75
66 33 24 10 11 0 68 38 52 39 14 93 85 81 2 77 82 61
8 21 69 1 31 15 23 63 0 17 52 35 89 33 33 80 34 59 42
18 54 93 88 37 16
93 86 66 16 哭 41 67 89 4 68 61
69 36 笑 52 78 55 6 53 59 29 72
52 28 70 65 83 Jialu 50 75 48 34 66 86 52 3 85 29 93 70 58
哭 26 12 20 66 14 56 36 48 81 37 39 81 8
笑 88 65 3 笑 12 90 90 58 44 76 Charlie
82 87 19 80 33 7 29 41 79 26
70 32 22 19 63 14 58 84 19 79 81 27 43 82 19 84 61 27 39 11
笑 12 70 46 86 14 17 笑
36 37 18 84 28 34
37 36 7 83 13 哭 3 10 22
45 20 64 76 50 94 笑 74 52 45 20 6 哭 59 6 13 91 11 Tracy
52 40 13 83 23 19 44 32 73 28 笑 11 23
44 Tracy 23 65 83 4 15 92 84 58 83 92 3
77 89 54 72 21 10
71 5 37 50 64 70 47 25
73 84 66 76 56 71 50 37 13 29 哭 67 23 1 46 64 42
63 61 70 90 91 79 17 5 49 92 46
38 53 79 0 85 21 16 89 91 20 86 11 32
3 85 79 17 42 26 62 59 28 85 53 81 93 5 76 31 34 55 54
71 42 51 24 22 33 Jialu 84 83 Charlie 36 20 76 78 89 4 24 14
76 92 80 63 71 65 60 42 30 42 50 48 47 6 哭 13
41 61 Charlie 10 42 37 5 94 64 71 26
52 0 2 13 4 57 36 78 92 22 2
81 53 92 75 29 91 42 31 36 84 68 75 25 61 79 32 41
67 90 27 74 50
53 33 20 26 77 41
Charlie 26 62 90 24 90 62 59
0 73 12 37 91 22 61
57 39 64 23 17 91 2 51
15 54 28 51 2 87
4 43 44 0 78 8
39 66 51 18 53 76 85 86 8 18 72 91 86 62 79 41 91 33 78 83
83 25 31 67 4 54 47 3
84 68 93 61 79 55 56 33 Charlie 64 68 92 1 52 14 33
47 33 61 5 14 43
16 54 22 29 73 56 68 27
60 73 48 58 91 43 32 25 33 笑 Jialu 2 56 41 22 19 71 24 20
77 1 30 49 7 17 42 14 30 33 31 72 67
29 52 42 42 70 46 74 15 42
90 65 13 70 51 2 10 7 55 9 2 11 67 68 41 94 43 29
3 79 41 47 74 31 29 66 69 64 49 78 36
2 79 57 57 59 33 2 41 93 87 Charlie
73 77 10 14 88 91 55 41
17 16 65 55 63 90 80 1 58 16 50 39
72 77 53 56 45 14 79 77 77 12 Jialu 66 1 84 10
46 73 21 68 50 38 56 91 86
86 83 15 66 51 59 46 70 笑 74 哭 86 32 49 6 36 76 91 Tracy 47
69 40 59 57 0 21 71 39 7 65 33 62 41 41 24
12 31 82 74 75 54 87 29
77 56 7 10 36 52 Tracy 36 59 92 48 53 36 17 81
27 45 85 13 82 56 44 88 哭 67 50 8 哭 80 21 18 59 1 64
6 81 37 83 24 0 24 6 53 Charlie 43 4 11
17 51 62 10 27 63 18 4
90 50 哭 52 61 37 63 69 12 0 62 10 13 90 23 60
80 4 26 41 3 94 24 50 79 34 85 7 Tracy 80 81 65 50
93 50 82 13 19 哭 45 9 45 50 31 21 57 30 13 笑 21
41 26 50 8 83 笑 60 54 39 8 Charlie 3 12 30 2 13 38 87
73 27 32 5 5 83 5
52 61 64 26 35 93 4 47 58 88 52 85 63 93 17 13 67 69 5
20 24 76 笑 55 10 43 10 81
73 40 52 47 84 8 57 65 94 30 94 55 84 39 90 40 71 55
76 43 39 40 Tracy 93 74 44 23 59 69 Tracy 92 65 62 8
42 70 59 85 91 34 51 71 79 36 90 52 61
32 笑 76 47 30 6 61 36 34
4 44 49 17 64
75 40 70 Charlie Jialu 62 93 81 93 57 8
16 4 30 3 73 15 35 94 78 19 63 39 29 63
73 79 73 68 59 43 72 41 32 86 59 37 82 45 81 63 26 89
72 63 6 21 50 43 45 78 29 8 48 3 81 70
90 52 11 39 21 66 35 62 37 60 Jialu 43 18 85 84 84 33 41 44 80
50 48 66 79 24 48 79
58 61 51 93 35 73 Jialu 23 73 61 45 9 36 28
43 21 8 56 93 67 36 65 56 84 笑 50 Charlie Jialu 27
19 14 71 57 6 0
10 24 5 49 38 46 46 50 59 60 58 23 25 35 64 55 70 62 30 49
12 54 笑 Jialu 85 74
Jialu 20 48 54 43 67 91 70 37 19 87 77 21 5 61 22
16 3 20 82 25 83 59 6 94
62 44 3 82 25 70
82 57 42 26 91 3 76 62 12 88 1 0 哭
85 83 78 34 34 56 88
33 Charlie 4 18 94 38 49 84 7 35 80 83
47 6 48 92 Tracy 46 37 37 83
43 30 90 4 36 68
19 57 笑 61 Jialu 27 11 4 3
90 81 14 哭 10 69 37 61 45 74 94 19 39 0 79 26 31 49 12
83 87 69 81 49 0 27 69 32 19 29 40 13 5 39 10 22 72 92
26 53 79 0 39 24 44 88 48 Tracy 10 71 63 笑
Tracy Tracy Tracy 40 37 Jialu 14 84 60 74
87 87 86 35 78 40
8 22 37 90 72 Jialu 0 72 41 82 87 86 73 81
63 34 45 90 62 68 62 90 66 61 77 25 Tracy 25 13 1 18 86 72
68 87 68 82 88 42 哭 24 40 60 6 43 87 笑 13 13 93 33 64
57 52 72 57 59 20 26
3 71 57 34 20 55 59 42 27 49 4 45 0
58 57 78 87 33
哭 8 40 4 64 49
28 62 72 90 73 54 84 70 85 63 3
91 64 9 笑 68 15 63 94 30 86 49 74 94 53 21 14 64 5 73
70 26 69 Charlie 75 55 76
74 74 20 87 18 87
18 17 62 20 84 49
57 87 77 87 32 60 90 72 69 69 3 28 37 72 4 78 54
66 62 44 28 73 19 21 44 9 23 17 88
94 44 13 77 25 93 93 20 94
66 28 80 24 13 7 45 14 27 67 69 79 75 54 1 89 4 65
84 70 72 19 17 11 50 5 45 25 80 92 8 74 62 37 92 86 53
28 71 86 14 12
50 7 1 24 69 19 笑 67 58 88 72 64 22 39 63 79 73 59 92 15
88 31 22 78 84 63 66 37
58 81 79 72 31
20 15 41 90 64 88 19 34 17 49 Charlie 26 45 21
45 17 31 65 49 51 87 Charlie 94 89 88 27
40 81 31 42 21 35 51 57 78 51 Tracy 66 7 94
56 78 52 31 89 89 13 88 21 78 61 76 61 41 89 1
94 10 31 66 33 87 91 66 61 16 6 78 51 18 78
91 89 50 0 64 48 91 10 87 76 23 63
74 24 93 82 10 41 0 76
39 10 28 92 9 21 44 63 16 54
76 39 31 86 94 46 89 19 65 66 24 54 30 90 81 92 17 52 85
77 36 47 51 78 67
83 94 9 笑 71 47 11 89 38
37 34 30 11 88 93 39 Jialu 23
55 35 42 8 40 35 5 30 33 45 0 32 16 88 38
3 68 Tracy 86 34 86 37 92 4
80 12 52 71 91 87 80 21 74 12 76 13 16
8 52 31 5 65 79
90 63 73 68 82 87 83 23 21
74 86 74 42 27 82 4 18 Charlie 89 0 Jialu 34
67 62 Jialu 23 87
68 75 33 11 73 76 81 8 56 64 37 44 49 5
22 25 15 9 87 5 4
2 Charlie 57 3 44 18 36 84
9 10 35 41 0 75 15 Jialu 86 72 33 83 84 50 哭 24
81 19 33 70 19 62
Tracy Charlie 24 73 86 49 85 65 66 66 26 Charlie 29 10 32 4 15 52
80 68 60 16 80 70 55 45 4 35 51 笑 22 92 82 39 7 43 88
9 38 3 82 30 84 51 66 83 50 23 89 80 21 53 79 30 89
65 46 11 32 91 56 80 53
10 54 11 36 9 46 21 37
38 71 20 74 57 11 78 46 80 93
71 Tracy 93 58 笑 66 32 69 85 16 35 25 34 18
81 55 67 1 67 69 61 45
41 37 64 54 25
79 40 9 79 11
55 35 59 21 9 23
38 0 13 36 5 93 77 Charlie 8 78 75 6 87 29 86 35 52 71
56 14 31 哭 19 22 38 69 31 45 33
76 29 34 72 65
10 28 22 29 37 24 75 2 44 56 85 哭 36 30 64 24 26 9
17 73 4 4 63 34
60 52 21 45 74 70 56 78
65 9 42 1 84 11 71 55 25 25 93 76 哭 38 44 49 63 65 27 73
6 79 8 34 64 84 36 46 67 32 4 80
0 89 71 80 66 27
20 7 78 24 52 81 47 15 17 42 27 48 Tracy
76 67 78 58 34 63 57 74 Tracy 53 6 71 28 81 56 72
89 91 Tracy 72 51 39 51 Charlie 0 2 74 Charlie 40 79 69 61 1 60 23 59
69 76 59 47 65
40 18 76 8 49
5 笑 65 76 39 50 32 73
57 35 72 16 74 6
16 46 71 38 11 8 11 20 26 0 14 91 70 9 58 8
26 83 10 63 57 31 27 27 94
94 69 72 0 37 21 45 8 88
64 69 39 29 26
40 50 66 28 3
46 35 76 53 47 47 67 57 57 46 67 27 43 90 79 Tracy
79 26 73 79 24 72 48 0 18 15 0
66 7 14 27 78 43 28 79 Tracy 79 63
61 94 24 57 20
18 37 18 20 58 16 55
2 78 75 2 50 30 9 27 73 Charlie 22 3 3
89 37 84 85 22 15 15 16 33 54 91 63 46 68
54 38 53 Jialu 40 73 90 88 72 81 30 15 66 35 87 63 21 79
12 19 64 86 81 51 笑 92 29 12 71 24 81 33 93
14 40 57 36 87 87 53 15 23 48 7 53 66 76 72 32 24 84 81
51 Charlie 7 5 16 37 42 3 77 3 16 83 74 92 91 43 77 24 89
61 61 15 65 哭 33 67
4 30 93 哭 30 69 55 65 42 94 32 14 90 51 25 Tracy 54 19
3 3 13 71 22
15 30 59 37 55
4 29 49 93 28 41 34 76
43 26 78 6 Tracy
82 87 48 69 31 45 76
35 77 52 83 Charlie 67 45 62
4 61 73 24 21 54 13 Tracy 11
91 93 59 26 69 83 笑 82 29 25 73 52 68 11 82 58 33 91 Tracy
33 83 26 65 87 哭 11 60 30
72 14 3 38 11 54 34 71 40 86 80
92 56 71 39 59 73 35
29 93 67 57 35 笑 93 53 33 44 5 8 56 26
88 Charlie 87 66 56 31 94 88 85 17
89 Jialu Jialu 42 65 29 36 Charlie 23
37 69 5 78 79 15 85
42 90 24 59 20 0 22 71 61
94 14 32 59 71 36 19 94 54 29 81 4 29
48 77 9 21 32 34 49 82 49 87 67 41 32 83 55 66 4 63 12 10
33 83 80 5 46 55 8 81 19 36 54 55 68 58
69 8 39 86 79
94 0 93 6 16 3 75 15 18 35 28 42 77 11 31 42
57 9 86 50 28 23 26 35 59 58 7 41 30 17 笑 10 Jialu
33 85 Jialu 19 18 32 6 54 94 90 8 57 50 76 60 49 68
55 71 Charlie 8 75 65 65 22 58 49 87 81 13 91 80 30 4 29
27 4 70 10 91 2 62 5 85 68 91 84 81 87 55 68 94
26 13 39 60 77 81 71 17 94 44 74 5 63 17 22 笑 58 6
65 19 12 83 哭 94 20 84 64 74 29
65 57 Tracy 52 30 9 89 11 83 93 39 3 40 59 19
34 66 54 2 89 67 34 45 4 12 Charlie 70 34 7 77 31
88 50 58 2 23 86 84 93
82 6 36 哭 91 88 63 3 11 87 64
55 44 11 50 55 56 93 25 46 84 31 Charlie 13 45 12
41 90 69 80 91 70 Charlie 91 92 66 65 64 89 44 29 14 79 48 40
76 89 47 20 5 Charlie 69 43
72 48 78 39 36 30 15 31 57 56 63 54 24 56 80 62 20 49 66 43
57 22 47 17 32 53 37 51 80 38 21 25 65 19 93 笑
31 36 37 30 54 28 15 2 87 45 27 Jialu 94
77 67 52 68 笑 83 0 94 28 21 53 82 63
64 81 57 Jialu 23 87 89 55 3 40
41 14 7 73 10 43 76 42 43 47 80 37 87 43
71 69 76 23 66 81 32 52 14 33 91 3 46 61 哭
11 87 75 68 6 34 9 86 33 54 31 33 3 55
43 28 29 12 哭 78 36 32 65 57 78 42 84 29 38 83 47
7 3 65 68 50 88 19 42 88 77 27 67 87 71 3 37 40 43 61
18 69 81 56 59 53 11 63 92 56 47 89 17 78 31 86 29 哭
88 37 36 73 39 30 64 10
21 37 55 笑 1 19 16 70 79 57 79
60 61 49 41 92 50 26 笑 51 93 24
62 4 47 10 69 45 33 59 94 26 29 74 69 24 22 83 49
29 3 68 86 11 26 48 50 22 64 51 49 Charlie 41 Jialu 笑
Jialu 29 9 84 43 30 17 50 24 Charlie 74 37 62 69 62 86 91 28 30
63 16 91 93 32 86 35 24 76 68 88
17 29 58 58 19 48 33 51 3 29 49 16 51
53 38 66 55 87 66 27 43 70 48 73 28 2 33 89 36
23 62 10 49 58 62 82 50 3 77
74 Tracy 69 74 58 47 3 10 哭 35
34 16 84 78 36 76 64 40 72 36 56 88 90
85 24 83 37 73 92 10
27 54 75 83 80 87 9 3 84 68 47 哭 84 11 14 20 29 64
17 84 64 70 27 10 71 10 72 18 14 86 72 40 6 75 34
24 76 28 39 52 74 29
93 41 66 31 89 49 53 77 1 55
42 30 10 75 笑 73 84 49 81 28
78 56 44 55 85 45
60 78 90 76 64 33 46 33 82 71 90 11 10 88 44
13 26 45 60 74 91 57 44 82 63 80 87 17 14 87
18 46 3 23 61 46 35 94 68 63 22 30 58 58 88 33
69 75 7 7 11 73
15 76 41 58 Tracy 46 24 64 20 笑 30 10 78 87 28 32 77 31 62
48 10 84 94 45 92 25 13 64
69 94 26 80 Jialu 80 9 61 39 73 70 73 12 62 60 63
44 78 5 29 69 16 85 62 57
34 35 81 55 67 48 14 93 70
53 24 75 51 14 16 10 53 49
6 39 39 91 92 51 63 30 13 39 90 31 75 28 41 41
1 67 72 笑 74 80 5 77 42 哭 4 笑 47 33 35 Charlie 61 Tracy
61 Charlie 44 68 45 63 笑 31 82 58
11 2 78 48 2 32 71 39 94 19
4 69 21 8 80 70 19 77 62
80 Charlie 60 87 32 20 56 89
27 19 63 84 Charlie 53 74 84 52 35 89 27 56 26 65 7
23 31 Tracy 0 55 62 34
20 33 38 12 88
60 笑 0 88 73 35 0 45 62 49 10 20 31 3 58 79
28 6 91 29 15 22 34 59
30 19 Charlie 89 86 54 29 62 0 11 53 26 75 60 66
24 10 4 46 84 73 31 62 52 40 76 38 30
10 35 41 48 83 76 8 17 81 哭 83 75 65 21 61 10
35 63 71 Charlie 64 51
76 32 94 53 57 72 0 4 68 15 27 48 7 78 31 58 46 24 20 48
34 24 8 61 1 35 7 94 56 笑 12 69 50 28 50 1 13
26 84 63 7 14 16 83 90 79
9 41 0 19 2 66 71 82 24 28 49 笑 85
43 75 80 68 3 20 25 23 93 42 15 11 74 Jialu
49 42 83 39 38 46 14 48
4 22 64 19 66 51 14 51 82 3 33 58 53 1 17 86 Charlie 33 18
82 41 94 60 21 Tracy 87 59 83 14 52 23 74 79 40 45
44 57 84 2 94 44 2 94 38
20 70 50 84 5 60 77 68 34 91 87
25 3 40 25 39 75 46 14 33 62 10 56
20 41 61 笑 29 61 67 15 61
6 6 75 61 70 85 34 49 47 76 哭 12 25 52
25 63 81 66 68 70 31 3 笑 58 58 6 73 26 92 23 91 81
29 54 73 69 57 40
46 85 3 72 35 77 16 20 11 83 49 17 16 91 90 20 49
13 85 15 59 69 7 71 79 0 48 45 31 66 47 16 32 51 36
18 29 2 23 21 80 42 7 79 32 13 59 40 18 73
63 84 40 91 85 41 28 61 57 8 85 92 Tracy 23 55 66 44 1 84 77
13 84 14 Jialu 26 53 35 68 22
28 59 17 25 86 50 笑 75 82 34 36 83 14 82 49 50 74 69 75
59 33 91 87 23 59 72 Charlie 11 59 44 2
46 56 5 69 72 94 Jialu 笑 2 76 53 63 77 3 48 8
